#ID(1) hostHalo(2) numSubStruct(3) Mvir(4) npart(5) Xc(6) Yc(7) Zc(8) VXc(9) VYc(10) VZc(11) Rvir(12) Rmax(13) r2(14) mbp_offset(15) com_offset(16) Vmax(17) v_esc(18) sigV(19) lambda(20) lambdaE(21) Lx(22) Ly(23) Lz(24) b(25) c(26) Eax(27) Eay(28) Eaz(29) Ebx(30) Eby(31) Ebz(32) Ecx(33) Ecy(34) Ecz(35) ovdens(36) nbins(37) fMhires(38) Ekin(39) Epot(40) SurfP(41) Phi0(42) cNFW(43)
40.0 -1.0 1.0 21877700000.0 136269.0 50013.89944148 49427.41359322 47529.80169017 -380.66 376.85 -243.75 45.48 8.81 5.84769 0.06011 0.5696 53.88 64.321974 53.54 0.037726 0.038737 0.1119 0.8992 -0.4231 0.857307 0.816281 -0.420515 0.062097 0.905158 -0.205647 0.965166 -0.161752 0.883672 0.254162 0.393096 200.0 28.0 1.0 31353000000000.0 -55211100000000.0 -7982950000000.0 11975.1 9.26944
68.0 -1.0 0.0 13394800000.0 83432.0 50711.39053598 48969.90328437 47026.64299136 -384.31 361.42 -299.2 38.62 14.98 3.85042 0.10843 0.91161 41.58 54.617799 42.18 0.027016 0.025478 0.4527 0.1523 0.8786 0.959053 0.910556 0.384541 0.744235 0.546116 0.267484 -0.65606 0.705718 0.883505 -0.1253 -0.451352 199.99 27.0 1.0 11913600000000.0 -20798500000000.0 -4017000000000.0 6751.83 5.51703
122.0 -1.0 0.0 7576100000.0 47189.0 50596.93621772 49092.68246243 47106.01121322 -381.07 345.46 -295.73 31.94 14.84 19.82723 0.05592 0.63898 33.82 45.170044 35.35 0.067332 0.061094 -0.8296 0.4778 0.289 0.987263 0.899147 0.370237 0.695331 -0.615987 0.616826 0.311802 0.722706 0.694586 -0.64753 -0.313457 200.0 25.0 1.0 4734920000000.0 -7916340000000.0 -1531260000000.0 4456.82 4.90668
132.0 -1.0 0.0 6909820000.0 43039.0 51102.68763031 49312.09787547 46655.36234537 -381.22 265.6 -275.61 30.97 9.25 4.62641 0.05903 0.77811 34.83 43.838274 34.96 0.047676 0.047189 -0.5707 0.4308 0.6991 0.937323 0.880993 0.429504 0.377162 0.820533 0.870304 0.069639 -0.487567 -0.241033 0.923525 -0.298335 200.0 25.0 1.0 4223650000000.0 -7470900000000.0 -1172280000000.0 4768.36 7.13395
169.0 -1.0 0.0 5215720000.0 32487.0 49945.91366161 50362.07871004 47053.44167623 -433.67 362.9 -244.0 28.2 3.6 0.71492 0.06273 0.4502 32.64 39.887756 32.6 0.008882 0.009146 -0.7164 -0.1054 0.6897 0.990374 0.799484 -0.387764 0.855804 -0.342402 -0.450453 0.148152 0.880422 0.804196 0.495632 0.328051 199.97 24.0 1.0 2771440000000.0 -4971110000000.0 -712076000000.0 4565.72 8.289
215.0 -1.0 0.0 4030880000.0 25107.0 49273.70284416 50649.54136876 47405.96381306 -407.19 415.87 -168.47 25.89 9.23 1.71213 0.03432 0.14396 29.69 36.59774 29.92 0.012228 0.012086 0.2222 0.3252 -0.9192 0.970318 0.861466 0.810616 -0.585394 0.01469 0.486 0.686551 0.540789 -0.32666 -0.431232 0.84103 199.89 23.0 1.0 1804410000000.0 -3123010000000.0 -532489000000.0 3441.54 7.93233
218.0 -1.0 0.0 3991060000.0 24859.0 49406.76814513 50482.9312969 47168.93326078 -393.82 412.6 -183.11 25.8 5.5 12.32287 0.06217 0.35417 29.53 36.481071 30.3 0.029305 0.028708 -0.906 0.3912 0.1617 0.943638 0.908291 0.056211 0.927223 -0.370268 0.89782 -0.209173 -0.387512 0.43676 0.310652 0.844237 199.98 23.0 1.0 1831690000000.0 -3105880000000.0 -537066000000.0 3605.45 7.84653
223.0 -1.0 0.0 3946910000.0 24584.0 50192.41443702 49574.75398268 46553.01677329 -350.17 344.72 -210.45 25.7 3.93 2.53432 0.03217 0.22433 31.73 36.341778 30.62 0.009171 0.009619 -0.9668 -0.2543 -0.02739 0.882684 0.784209 -0.647801 0.614415 0.450387 -0.318424 -0.755466 0.572606 0.692069 0.227521 0.685036 199.89 23.0 1.0 1849760000000.0 -3283430000000.0 -445878000000.0 4010.1 11.1542
271.0 -1.0 0.0 3107240000.0 19354.0 49658.19262706 49557.06334597 47865.0437819 -391.84 394.31 -238.4 23.73 9.57 3.88616 0.14461 0.44157 26.12 33.560171 26.74 0.032076 0.030299 0.9261 -0.0978 0.3643 0.969824 0.766218 -0.584756 0.016324 0.811045 -0.090957 0.992173 -0.085549 0.806094 0.123795 0.578695 199.99 23.0 1.0 1110520000000.0 -1891130000000.0 -327650000000.0 2530.77 6.32586
317.0 -1.0 0.0 2516750000.0 15676.0 50921.04737183 49155.07234838 46732.79717519 -374.05 344.03 -308.99 22.12 6.57 2.26854 0.09882 0.27684 25.62 31.312571 25.87 0.018787 0.018873 0.2238 0.4956 0.8392 0.937103 0.892609 0.902343 -0.348841 0.253153 0.429334 0.675581 -0.599386 0.038065 0.649539 0.759375 199.99 22.0 1.0 842196000000.0 -1463610000000.0 -205716000000.0 2512.39 8.31437
330.0 -1.0 0.0 2332280000.0 14527.0 50420.89831829 49365.35426974 47112.2435232 -395.97 346.17 -279.14 21.57 8.99 14.18723 0.09329 0.32925 23.53 30.511992 24.06 0.012136 0.01147 0.4411 -0.5216 -0.7303 0.900868 0.859623 0.004028 0.877452 -0.479647 -0.096184 0.477767 0.873205 0.995355 0.042617 0.086321 199.93 22.0 1.0 674882000000.0 -1159320000000.0 -215284000000.0 2044.9 5.99681
356.0 -1.0 0.0 2060470000.0 12834.0 49999.23333767 50295.811255 47183.0562384 -443.77 348.09 -220.53 20.7 4.9 11.99483 0.1586 0.11022 23.14 29.329684 24.17 0.027481 0.024566 0.6001 -0.2607 -0.7562 0.929359 0.853031 0.452423 -0.109673 0.885034 0.261274 0.965164 -0.013958 0.852672 -0.237552 -0.465317 199.9 21.0 1.0 601698000000.0 -954178000000.0 -259912000000.0 1935.99 6.93249
370.0 -1.0 0.0 2000110000.0 12458.0 50475.61331042 49798.58663062 46879.57939232 -408.82 312.65 -241.99 20.49 8.06 11.97599 0.05953 0.10579 22.41 28.981285 23.41 0.030002 0.027471 -0.06619 -0.9577 0.2799 0.965447 0.904774 0.135943 0.365084 0.920996 0.952273 -0.304605 -0.019814 0.273306 0.879733 -0.389069 199.91 21.0 1.0 548031000000.0 -899971000000.0 -178575000000.0 1891.68 6.10202
391.0 -1.0 0.0 1802150000.0 11225.0 49556.05522428 50655.58456199 46283.76452856 -408.01 361.42 -166.0 19.79 7.21 6.16871 0.09958 0.16234 21.94 27.985052 22.69 0.028175 0.026399 0.8408 -0.4902 0.2299 0.900359 0.820854 0.161755 0.360414 0.918661 0.882302 -0.469792 0.028958 0.442016 0.805852 -0.393985 199.92 21.0 1.0 463949000000.0 -773720000000.0 -135387000000.0 1776.26 6.59821
416.0 -1.0 0.0 1633580000.0 10175.0 50650.97547713 48895.82981666 46979.32468993 -382.72 384.87 -313.04 19.16 6.28 19.01942 0.16569 0.3419 21.15 27.095419 20.91 0.021075 0.020721 -0.1026 -0.8788 -0.4661 0.976059 0.936492 0.686453 -0.473343 -0.552022 0.656042 0.730586 0.189348 0.313673 -0.492128 0.812046 199.9 21.0 1.0 357252000000.0 -646829000000.0 -107797000000.0 1600.63 6.44525
419.0 -1.0 0.0 1612860000.0 10046.0 50623.45682973 49627.63214954 46534.38011805 -392.72 300.8 -256.93 19.07 3.16 12.39232 0.09304 0.35888 21.63 26.983613 21.42 0.026162 0.025527 -0.01058 0.6476 0.7619 0.86919 0.809235 0.13488 0.78604 -0.603281 0.989497 -0.074905 0.123632 -0.051991 0.61362 0.787888 199.98 21.0 1.0 369886000000.0 -649113000000.0 -125977000000.0 1860.45 7.46823
451.0 -1.0 0.0 1424220000.0 8871.0 50147.5507917 50199.94568981 47405.86387955 -423.43 353.61 -199.9 18.31 4.71 8.25781 0.16073 0.29981 21.27 25.870122 20.71 0.019014 0.018995 0.7317 -0.5949 0.3329 0.955869 0.87865 0.144079 0.73498 0.662606 -0.670282 0.565077 -0.48105 0.727985 0.374824 -0.57406 199.69 20.0 1.0 305409000000.0 -543198000000.0 -80787800000.0 1538.31 8.48747
477.0 -1.0 0.0 1331580000.0 8294.0 49322.52203217 50721.19265455 47355.93991814 -393.55 426.77 -165.67 17.9 4.32 7.02731 0.07332 0.2579 22.21 25.303066 21.17 0.028121 0.031012 -0.6933 0.5143 0.5049 0.928695 0.879587 0.613198 0.78511 0.087121 -0.562313 0.356384 0.746187 0.55479 -0.506549 0.660012 199.78 20.0 1.0 298247000000.0 -557333000000.0 -59553000000.0 1776.49 11.4206
479.0 -1.0 0.0 1321950000.0 8234.0 50438.86144798 49493.55286906 47261.39074303 -403.58 344.04 -277.63 17.85 5.84 5.50141 0.07813 0.1469 20.04 25.247833 20.36 0.025493 0.024874 0.2718 0.04621 -0.9612 0.932367 0.786038 -0.469345 0.797251 -0.379613 -0.590628 0.036138 0.806134 0.65641 0.602565 0.453918 199.91 20.0 1.0 273971000000.0 -474391000000.0 -65262700000.0 1508.89 7.09366
488.0 -1.0 0.0 1276040000.0 7948.0 50869.18423573 48901.2769858 46932.0230186 -387.97 365.45 -298.49 17.64 5.8 4.01905 0.11266 0.6263 19.85 24.945938 19.87 0.02348 0.022836 -0.9875 -0.1506 -0.04728 0.943902 0.899547 0.91598 0.155515 -0.369859 0.388043 -0.577719 0.718098 0.102 0.801284 0.589525 199.98 20.0 1.0 251948000000.0 -439702000000.0 -64938800000.0 1358.99 7.17349
504.0 -1.0 0.0 1192390000.0 7427.0 50353.18694647 50092.95322652 47151.70396618 -425.52 333.67 -236.37 17.26 10.47 4.26801 0.30801 0.47385 17.72 24.395154 18.76 0.084747 0.066708 0.5947 -0.7173 -0.3631 0.930196 0.795536 0.669275 0.640163 -0.377177 0.532737 -0.059581 0.844181 -0.51794 0.765925 0.380914 199.57 20.0 1.0 209828000000.0 -319599000000.0 -88192200000.0 907.163 3.79491
519.0 -1.0 0.0 1161400000.0 7234.0 50137.10635049 50280.58154242 47341.38207776 -446.4 342.29 -230.3 17.09 7.56 13.62646 0.12836 0.50835 18.14 24.229019 19.27 0.047375 0.041242 0.8229 -0.4501 -0.3468 0.929907 0.848236 0.742669 0.653914 0.144359 -0.52029 0.699164 -0.490375 -0.421594 0.289079 0.859472 199.99 20.0 1.0 215601000000.0 -344193000000.0 -84205400000.0 1189.59 4.9798
524.0 -1.0 0.0 1149040000.0 7157.0 50395.91364477 49887.92172109 46708.73295758 -410.36 323.27 -246.55 17.03 3.5 7.49353 0.12394 0.16379 18.73 24.094075 19.91 0.027453 0.024645 -0.8216 0.3929 0.4131 0.913671 0.88639 0.019168 -0.687254 0.726164 0.638861 0.567105 0.519855 0.769084 -0.453953 -0.44993 199.96 20.0 1.0 227714000000.0 -362030000000.0 -80405100000.0 1341.91 6.29676
526.0 -1.0 0.0 1137160000.0 7083.0 50177.83854568 48801.6029002 47194.70045806 -363.28 376.62 -279.0 16.98 11.64 7.42445 0.19015 0.29117 17.45 24.010336 18.46 0.015379 0.012972 -0.003888 -0.9513 -0.3082 0.934194 0.821684 0.994997 -0.062449 0.077975 -0.042308 0.443665 0.895193 0.090499 0.894014 -0.438804 199.87 20.0 1.0 193793000000.0 -310315000000.0 -78749700000.0 1024.37 3.82102
535.0 -1.0 0.0 1102000000.0 6864.0 51044.73066215 49096.5489748 46920.15047523 -368.15 281.65 -253.96 16.8 5.53 4.74844 0.16792 0.21057 19.3 23.763102 19.1 0.036189 0.036679 -0.5101 0.8017 -0.3117 0.989217 0.874761 0.912011 0.387031 0.135804 -0.290424 0.375538 0.880128 -0.289637 0.842127 -0.454898 199.89 20.0 1.0 201053000000.0 -360729000000.0 -45114800000.0 1337.9 7.99128
557.0 -1.0 0.0 1009040000.0 6285.0 50262.42637134 50053.28164591 47044.0663241 -419.78 330.96 -227.81 16.32 5.91 2.46141 0.17329 0.48755 18.11 23.082321 18.23 0.060837 0.057288 0.905 -0.4234 0.04005 0.93648 0.898244 0.787382 0.173313 -0.591602 0.474949 0.441254 0.761392 -0.393006 0.880487 -0.265121 199.83 20.0 1.0 167619000000.0 -286608000000.0 -57313000000.0 1087.01 6.6579
575.0 -1.0 0.0 948357000.0 5907.0 50783.57068593 49506.16180635 46730.95822596 -400.43 286.37 -259.92 15.98 5.43 8.17242 0.08446 0.2834 18.09 22.606929 17.93 0.028674 0.028639 -0.5337 0.8093 0.2454 0.963371 0.850481 0.149897 -0.580979 0.799996 0.755616 0.589146 0.286273 0.637633 -0.561578 -0.527308 199.91 19.0 1.0 152428000000.0 -273161000000.0 -46667700000.0 1238.07 7.41376
583.0 -1.0 0.0 925077000.0 5762.0 50584.671541 49848.47292653 46990.72816001 -408.99 316.2 -249.84 15.85 6.48 1.7058 0.14068 0.35117 17.21 22.411921 17.77 0.057147 0.053556 0.5746 -0.7002 -0.4237 0.947153 0.902362 0.761051 0.422269 0.492433 -0.318191 0.904525 -0.283882 -0.565292 0.059361 0.822752 199.85 19.0 1.0 146041000000.0 -248015000000.0 -48064600000.0 1061.94 5.84832
602.0 -1.0 0.0 850422000.0 5297.0 50756.31279212 48988.91672492 46271.86059952 -322.31 269.61 -209.43 15.41 6.23 0.95767 0.10359 0.29868 16.39 21.828654 17.07 0.021695 0.019428 -0.5327 0.8429 -0.07611 0.85383 0.78418 -0.25039 -0.059681 0.966304 0.121935 0.988206 0.092629 0.960436 -0.141019 0.24016 199.93 19.0 1.0 123836000000.0 -204771000000.0 -47183800000.0 986.184 5.08352
816.0 -1.0 0.0 459007000.0 2859.0 50971.27741075 49381.78396862 46784.4825892 -347.21 296.9 -226.68 12.55 5.64 1.3233 0.23191 0.26843 13.03 17.754298 13.94 0.012921 0.010516 0.4374 0.02759 -0.8988 0.930789 0.884543 0.554389 -0.170607 0.814584 0.272441 0.962038 0.016072 0.786403 -0.213016 -0.579823 199.89 17.0 1.0 44580500000.0 -68495100000.0 -19268600000.0 524.909 4.20828
820.0 -1.0 0.0 456598000.0 2844.0 50067.02931031 50264.21676511 47445.28760081 -416.74 342.74 -202.37 12.52 9.26 7.35236 0.27725 0.5627 12.91 17.73693 13.71 0.030533 0.024544 -0.9 0.2289 -0.371 0.966644 0.925917 0.223622 0.535791 0.8142 0.911516 -0.410779 0.019966 0.345154 0.737692 -0.580241 199.97 17.0 1.0 42928900000.0 -66060900000.0 -18094600000.0 509.04 3.9225
913.0 -1.0 0.0 368939000.0 2298.0 50672.40580403 49748.22946664 46997.98167266 -419.11 304.58 -248.32 11.69 2.04 0.63522 0.15819 0.30288 15.09 16.474978 13.84 0.011596 0.013112 0.4007 0.738 0.543 0.953569 0.861354 0.089704 0.670654 0.736326 0.981974 -0.183052 0.047096 0.166371 0.718829 -0.674986 198.57 17.0 1.0 35332200000.0 -67341600000.0 -6273920000.0 741.504 13.5733
915.0 -1.0 0.0 365728000.0 2278.0 50320.91171314 50011.79163273 47320.10433307 -409.89 340.08 -210.79 11.63 11.06 7.86847 0.29514 1.05165 11.68 16.471897 13.48 0.053138 0.032192 0.9863 -0.07463 -0.1474 0.899086 0.859395 0.241668 0.923249 -0.298678 -0.307276 0.364773 0.878932 0.920423 -0.120633 0.371846 200.0 17.0 1.0 33212000000.0 -42289100000.0 -19142500000.0 391.491 2.70552
945.0 -1.0 0.0 346462000.0 2158.0 50091.18388523 49995.53372171 46860.64508914 -421.05 351.5 -256.04 11.44 2.76 3.73204 0.11428 0.1552 12.75 16.141591 12.89 0.037318 0.03554 -0.616 0.6006 -0.5097 0.960623 0.892887 0.622445 0.010671 0.782591 0.281191 0.930096 -0.236331 0.730407 -0.36716 -0.575933 199.18 17.0 1.0 28765600000.0 -49234100000.0 -6701350000.0 531.254 6.88026
956.0 -1.0 0.0 339559000.0 2115.0 50762.35055923 49574.4744369 46723.36331436 -388.24 293.08 -248.52 11.35 3.13 0.43577 0.16255 0.42837 13.62 16.055555 13.47 0.02424 0.024112 0.6037 -0.2409 -0.76 0.970736 0.880956 0.891285 0.381765 0.244677 -0.45326 0.734687 0.504769 0.012942 -0.560795 0.827854 199.68 17.0 1.0 30806800000.0 -52418400000.0 -10226700000.0 619.474 9.87905
966.0 -1.0 0.0 331853000.0 2067.0 50086.05889454 49609.43133968 46789.13736419 -351.29 347.93 -197.2 11.26 4.27 5.17456 0.2501 0.36156 11.86 15.923718 11.88 0.023773 0.021289 0.4451 0.8692 0.2155 0.922094 0.871738 0.610362 -0.062915 0.78962 0.56159 -0.668642 -0.487375 0.558636 0.740918 -0.372781 199.73 17.0 1.0 23436900000.0 -40295400000.0 -8875770000.0 414.433 4.72611
978.0 -1.0 0.0 325912000.0 2030.0 49646.025002 50269.88926861 46999.45598841 -385.51 396.36 -194.84 11.2 6.06 5.08791 0.14387 0.21257 12.09 15.833936 12.42 0.010102 0.009316 -0.7627 -0.5888 -0.2676 0.949499 0.923779 -0.317928 0.744677 0.586837 0.579544 -0.337219 0.741898 0.750367 0.575968 -0.324361 199.59 17.0 1.0 25132200000.0 -42477600000.0 -7225320000.0 494.008 5.65656
984.0 40.0 0.0 323344000.0 2014.0 50010.95450422 49419.91259516 47574.63357913 -359.03 346.87 -285.2 11.19 3.16 6.96809 0.19153 0.26278 12.93 16.073377 13.13 0.006998 0.006836 -0.5705 -0.3705 0.733 0.858061 0.787651 0.005597 0.212092 0.977234 0.114994 0.970629 -0.211317 0.99335 -0.113559 0.018957 198.47 16.0 1.0 27865800000.0 -47034000000.0 -8506760000.0 541.86 8.37704
996.0 -1.0 0.0 315637000.0 1966.0 50547.56429074 49734.04967292 47220.0246913 -400.76 315.46 -223.87 11.1 2.83 6.31187 0.1594 0.10407 12.65 15.638125 12.66 0.008568 0.008333 -0.3056 0.2517 -0.9183 0.960913 0.919109 0.212742 0.975705 0.052359 -0.674484 0.107871 0.730367 0.706974 -0.190695 0.681046 198.43 16.0 1.0 25278600000.0 -43534800000.0 -6629570000.0 538.478 7.80847
1007.0 -1.0 0.0 307770000.0 1917.0 48948.59761488 50231.54626127 47287.37361118 -391.16 422.03 -184.97 10.98 7.93 2.04909 0.25779 0.43655 11.28 15.527418 11.95 0.015475 0.012108 0.7888 0.04739 -0.6128 0.75547 0.688828 0.871613 0.471695 0.133397 -0.460556 0.881198 -0.106672 -0.167865 0.03154 0.985305 199.99 16.0 1.0 21980200000.0 -33337000000.0 -7990720000.0 368.333 3.76879
1044.0 -1.0 0.0 284651000.0 1773.0 49178.46451234 50423.89598055 46125.09208752 -384.32 381.6 -173.84 10.7 3.1 9.23172 0.16495 0.1505 11.77 15.127063 12.34 0.028143 0.024524 0.767 0.4091 0.4944 0.805683 0.778892 -0.662889 0.748285 0.025455 -0.424095 -0.40328 0.810869 0.617027 0.526721 0.584674 199.88 16.0 1.0 21680100000.0 -34045500000.0 -6666990000.0 439.966 6.31616
1102.0 -1.0 0.0 259124000.0 1614.0 50285.93365876 48678.28775127 46991.92884958 -355.91 369.18 -285.66 10.38 4.92 6.41527 0.24489 0.32004 10.66 14.670828 11.45 0.015665 0.012423 0.8776 0.2242 -0.4237 0.949341 0.832107 0.745058 0.653632 -0.132871 -0.568589 0.518256 -0.638841 -0.348705 0.551522 0.757778 199.5 16.0 1.0 16997000000.0 -25748100000.0 -7853060000.0 345.345 3.83221
1105.0 -1.0 0.0 258001000.0 1607.0 51129.78174885 49211.55851832 46432.70556845 -346.66 311.99 -325.08 10.37 6.93 9.4572 0.28568 0.22712 10.51 14.67374 11.37 0.028431 0.021345 -0.5826 0.2503 0.7732 0.879439 0.871698 0.833189 -0.054801 0.550267 -0.150751 0.934879 0.321365 -0.532044 -0.35071 0.770669 199.08 16.0 1.0 16669200000.0 -24450200000.0 -8302150000.0 311.084 3.32259
1108.0 -1.0 0.0 257037000.0 1601.0 50368.6121715 49110.00804235 47177.39706398 -357.0 364.55 -255.36 10.34 10.33 8.06041 0.49678 0.64441 10.34 14.634845 10.95 0.010296 0.006808 -0.3482 0.7173 -0.6036 0.880476 0.845214 -0.109866 0.979407 -0.169388 0.976373 0.138249 0.166079 -0.186076 0.147139 0.971455 199.88 16.0 1.0 15405000000.0 -21411600000.0 -10376000000.0 252.25 2.35184
1157.0 -1.0 0.0 239698000.0 1493.0 50644.72157239 49465.26638569 47073.41932412 -393.67 337.87 -283.59 10.1 9.68 4.42105 0.19742 0.18873 10.13 14.328566 10.56 0.01805 0.013205 0.2183 -0.2103 -0.953 0.94591 0.892132 0.745222 0.61759 -0.251451 -0.656744 0.745075 -0.116402 0.115461 0.251885 0.960845 199.96 16.0 1.0 13371100000.0 -19915900000.0 -6796770000.0 266.271 2.63538
1169.0 -1.0 0.0 235524000.0 1467.0 49698.87028706 49824.16234116 47759.4991003 -426.42 387.12 -266.97 10.06 7.22 2.4346 0.23599 0.08132 10.25 14.215258 10.62 0.018292 0.014773 0.3133 -0.9387 0.1441 0.969333 0.938227 0.678849 0.621426 -0.391144 -0.009542 0.540112 0.841539 0.734216 -0.567546 0.372585 198.98 16.0 1.0 13271700000.0 -21005500000.0 -4864510000.0 292.15 3.53301
1199.0 -1.0 0.0 224767000.0 1400.0 50336.85781739 49219.89711848 47228.03063465 -359.6 369.48 -252.3 9.9 7.01 7.32025 0.27828 0.39475 10.01 13.984424 10.56 0.055341 0.043804 0.5821 -0.7249 0.3682 0.950064 0.785726 0.975699 0.216071 0.036403 -0.180727 0.699636 0.691265 0.123894 -0.681045 0.721684 199.26 16.0 1.0 12541500000.0 -19416700000.0 -5830410000.0 289.736 3.18082
1201.0 -1.0 0.0 223804000.0 1394.0 51147.67453055 49192.90641457 46407.41018591 -348.41 334.03 -334.12 9.9 7.83 9.77802 0.35087 0.23741 10.11 13.997577 10.82 0.02882 0.021658 -0.4677 -0.2755 0.8399 0.984047 0.886479 0.404815 0.194621 0.893447 -0.618832 0.777642 0.110994 0.67318 0.597826 -0.435239 198.49 15.0 1.0 13098700000.0 -19243700000.0 -5468150000.0 275.564 3.70686
1202.0 -1.0 0.0 223643000.0 1393.0 50214.07072684 49484.28138565 47282.51029463 -407.1 353.93 -272.62 9.88 9.52 5.55797 0.61524 0.28397 9.9 13.988603 11.12 0.009764 0.005126 0.7627 0.6419 -0.0787 0.939889 0.883566 0.74908 0.160364 -0.642777 -0.391137 0.890155 -0.233742 0.534687 0.426506 0.729522 199.69 15.0 1.0 13833700000.0 -16835200000.0 -9510560000.0 218.587 2.64881
1206.0 -1.0 0.0 221877000.0 1382.0 50524.18190941 48892.04632078 46968.24235851 -349.31 350.94 -254.38 9.85 9.39 2.98728 0.29345 0.22621 9.91 13.951727 10.62 0.043057 0.031687 -0.9479 0.3064 0.08705 0.922798 0.854965 0.193226 0.549465 0.812866 -0.653075 0.690314 -0.311383 0.732227 0.470696 -0.492229 199.88 15.0 1.0 12515600000.0 -18338000000.0 -6457580000.0 263.042 2.84505
1235.0 -1.0 0.0 211121000.0 1315.0 50317.5836877 50057.24487425 47175.06432835 -437.11 335.78 -244.99 9.69 2.57 1.88783 0.14603 0.2718 12.03 13.699973 11.39 0.004678 0.005022 0.6974 0.6191 -0.3611 0.926426 0.885553 0.559739 0.71708 -0.415318 -0.04648 0.527565 0.848242 0.827365 -0.45549 0.328628 199.53 15.0 1.0 13686700000.0 -25085200000.0 -2958220000.0 437.893 11.4445
1272.0 -1.0 0.0 194745000.0 1213.0 50815.94956627 49602.55953525 46945.29928575 -361.61 308.24 -218.38 9.43 6.38 7.34943 0.13924 0.34309 9.54 13.354116 10.8 0.029102 0.020225 0.7055 -0.6143 0.3534 0.978525 0.959478 -0.402882 -0.328028 0.85445 0.743984 0.426374 0.514483 -0.53308 0.842973 0.072269 199.65 15.0 1.0 11351400000.0 -15527500000.0 -5794320000.0 273.827 3.16664
1298.0 -1.0 0.0 186878000.0 1164.0 50922.68877973 49275.52534888 47035.68533684 -384.08 285.39 -250.18 9.31 4.67 5.92569 0.24905 0.19591 9.81 13.145619 10.06 0.019117 0.016674 -0.6552 -0.4747 -0.5877 0.946502 0.862504 -0.437036 0.28915 0.851699 -0.194834 0.894001 -0.403487 0.878088 0.342278 0.334374 199.19 15.0 1.0 9451700000.0 -15588000000.0 -3554870000.0 291.978 4.79625
1307.0 -1.0 0.0 183185000.0 1141.0 49915.22604419 50431.74154747 47241.63522918 -435.56 349.39 -219.29 9.24 3.01 1.53882 0.06514 0.42893 9.9 13.06998 10.01 0.028434 0.025512 -0.4331 0.8583 0.2751 0.898913 0.876403 0.086715 -0.083303 0.992744 0.509034 0.8603 0.027726 0.856367 -0.502936 -0.117004 199.74 15.0 1.0 9186220000.0 -15473300000.0 -4541900000.0 339.235 5.35288
1320.0 -1.0 0.0 179493000.0 1118.0 49715.6829276 49799.18176665 47739.46719918 -429.42 389.26 -262.62 9.18 8.44 3.65556 0.62993 0.16539 9.26 12.990482 9.48 0.039208 0.028376 0.6019 -0.2989 -0.7405 0.943637 0.906911 0.112928 0.960263 -0.25523 0.146509 0.237973 0.960158 0.982742 -0.145822 -0.113814 199.47 15.0 1.0 8072010000.0 -12024400000.0 -5079870000.0 193.941 3.05472
1400.0 -1.0 0.0 153484000.0 956.0 50844.97487545 49567.8357482 46840.06100893 -394.7 296.99 -264.94 8.73 3.76 1.98794 0.18087 0.3449 9.06 12.300545 9.48 0.019526 0.016252 0.7779 -0.6277 -0.02943 0.920812 0.882029 0.467857 0.586223 0.661402 -0.883803 0.309316 0.35102 0.001194 -0.748776 0.662822 198.74 14.0 1.0 6893680000.0 -10915400000.0 -3124700000.0 251.117 4.2911
1490.0 -1.0 0.0 129723000.0 808.0 50933.05932565 50477.67149905 47197.15334682 -446.38 327.08 -258.42 8.24 6.41 5.73656 0.49754 0.37405 8.32 11.63915 9.06 0.022618 0.015154 0.01417 0.6656 -0.7462 0.868047 0.819019 0.976309 0.040315 -0.212591 0.215629 -0.099484 0.971394 -0.018012 0.994222 0.10582 199.7 14.0 1.0 5327210000.0 -7299260000.0 -2375610000.0 175.021 3.10322
1534.0 -1.0 0.0 121535000.0 757.0 49688.90584495 50436.40197956 46277.48801284 -401.37 356.75 -171.3 8.06 8.03 5.35778 0.32335 0.36691 8.06 11.393527 8.66 0.019383 0.010852 -0.1948 -0.9584 -0.2087 0.986352 0.907752 -0.530953 0.802656 -0.271722 0.820064 0.567482 0.073889 -0.213505 0.183597 0.959535 199.3 14.0 1.0 4557930000.0 -5792330000.0 -3123860000.0 138.877 2.43541
1561.0 -1.0 0.0 116076000.0 723.0 50972.6871602 49287.33454415 46316.88399101 -359.68 265.87 -266.9 7.94 7.21 5.38093 0.57101 0.27817 7.99 11.267794 8.47 0.021914 0.014286 0.3969 -0.4514 0.7992 0.937683 0.891558 0.379507 0.771909 -0.510031 0.922518 -0.273863 0.271954 -0.070246 0.573721 0.816033 199.48 14.0 1.0 4164630000.0 -5715570000.0 -2399250000.0 147.561 2.88833
1579.0 -1.0 0.0 112384000.0 700.0 51189.85576999 49830.95108044 46733.09106202 -433.48 283.34 -278.03 7.86 7.46 2.36295 0.5722 0.71886 7.88 11.098733 8.15 0.004242 0.002841 -0.481 0.01217 0.8766 0.962417 0.83096 -0.754345 0.616817 -0.224724 0.234413 0.572836 0.785436 0.6132 0.539811 -0.576706 199.16 14.0 1.0 3732310000.0 -5282370000.0 -1973390000.0 138.104 2.76969
1590.0 -1.0 0.0 110457000.0 688.0 49616.19327145 50558.64122606 47049.74123547 -411.24 371.55 -156.25 7.81 4.58 2.84951 0.27624 0.26063 7.91 11.030528 8.48 0.015167 0.010935 0.5808 0.8136 0.02681 0.980407 0.939623 0.220758 -0.453837 0.863306 0.756768 0.63809 0.141926 0.615278 -0.621992 -0.484313 199.56 14.0 1.0 3969120000.0 -5715640000.0 -2095510000.0 165.742 3.23529
1619.0 -1.0 0.0 105641000.0 658.0 50722.92566908 50911.68552029 46793.77068366 -435.46 327.99 -193.96 7.7 7.67 3.7251 0.50735 0.23086 7.69 10.883024 8.43 0.027508 0.015691 0.7684 0.6227 -0.1477 0.985156 0.897622 -0.112784 0.986189 0.121291 0.118181 -0.107889 0.987114 0.986566 0.125665 -0.104381 199.02 13.0 1.0 3750740000.0 -4764730000.0 -2364180000.0 133.201 2.41825
1624.0 -1.0 0.0 105159000.0 655.0 49141.46286099 50464.89263783 46058.13602439 -384.53 381.5 -170.96 7.68 7.67 1.89789 0.44405 0.4151 7.67 10.852135 8.75 0.040633 0.015738 0.882 0.4684 -0.05206 0.889888 0.744225 0.276592 -0.382639 0.881524 0.8115 -0.398352 -0.427532 0.514747 0.833609 0.20033 199.65 13.0 1.0 4021730000.0 -4486180000.0 -2981170000.0 123.942 -1.0
1637.0 -1.0 0.0 102108000.0 636.0 49885.07840844 49752.10843165 47652.14824545 -427.15 369.47 -265.97 7.65 7.49 3.46666 0.34149 0.61643 7.6 10.7165 7.85 0.025044 0.016805 -0.7533 0.09742 0.6505 0.921654 0.863302 -0.027954 0.754158 0.656097 0.00439 -0.656255 0.754526 0.9996 0.023972 0.015034 196.37 13.0 1.0 3142800000.0 -4462800000.0 -1944160000.0 129.673 2.63016
1685.0 -1.0 0.0 92957300.0 579.0 50475.87189181 48617.45043048 46890.80713124 -345.45 338.77 -283.49 7.37 6.25 3.55482 0.45417 0.47449 7.41 10.421907 7.61 0.026249 0.017391 -0.5006 0.7256 0.4722 0.959369 0.886549 -0.263812 -0.130492 0.955707 0.752501 0.592013 0.288553 -0.603445 0.795294 -0.057985 199.41 13.0 1.0 2693330000.0 -3799370000.0 -1331990000.0 118.519 2.83013
1709.0 -1.0 0.0 89746300.0 559.0 49709.29796966 50457.8725347 46291.28833987 -406.24 351.88 -173.33 7.29 7.26 7.22331 0.40416 0.78305 7.28 10.299903 9.34 0.048415 0.023607 0.7386 -0.627 -0.2478 0.919103 0.888215 0.84798 -0.276359 -0.452279 0.267112 0.959848 -0.085694 0.457801 -0.048142 0.88775 199.3 13.0 1.0 3911420000.0 -3346510000.0 -3523040000.0 107.903 2.3802
1722.0 -1.0 0.0 87177500.0 543.0 50443.80137755 50022.0943172 47234.13161137 -399.51 339.01 -194.8 7.25 7.11 1.93549 0.33582 0.26108 7.22 10.193259 7.91 0.03583 0.021392 0.7064 -0.5718 -0.4172 0.966804 0.900037 0.553988 0.566168 -0.61037 0.683624 0.109063 0.721639 -0.475137 0.817043 0.326627 197.1 13.0 1.0 2728490000.0 -3532420000.0 -1636090000.0 127.974 2.69284
1726.0 -1.0 0.0 86053700.0 536.0 49512.79093822 50279.9884975 47822.67982761 -464.59 399.64 -256.71 7.2 7.0 3.9801 0.37423 0.41321 7.21 10.145938 7.62 0.019532 0.011922 -0.714 0.6935 0.09619 0.868532 0.852929 0.726991 0.367584 -0.579971 -0.166588 0.913827 0.370363 0.666132 -0.172635 0.725579 197.97 13.0 1.0 2496810000.0 -3320310000.0 -1406400000.0 112.374 2.81371
1747.0 -1.0 0.0 82040000.0 511.0 50242.55076233 50068.57289343 46805.16142018 -420.55 344.27 -250.1 7.07 7.01 3.89257 0.23516 0.48269 7.07 10.010937 7.99 0.059333 0.024847 0.4574 0.394 -0.7972 0.939325 0.857619 0.207393 0.890285 0.405439 0.975547 -0.157386 -0.153423 0.072779 -0.427344 0.901155 199.8 13.0 1.0 2619490000.0 -2978560000.0 -2042330000.0 109.962 2.36751
1802.0 -1.0 0.0 73852100.0 460.0 50712.65405665 49272.6778922 46852.0210435 -379.29 335.68 -290.45 6.83 6.47 4.52793 0.28634 0.66166 6.84 9.69409 7.03 0.023935 0.015848 -0.3455 0.0481 0.9372 0.922627 0.870562 0.494183 0.714409 -0.495381 -0.487395 0.699526 0.522599 0.719882 -0.016813 0.693893 199.16 13.0 1.0 1824740000.0 -2577290000.0 -1022070000.0 104.567 2.67269
1818.0 -1.0 0.0 72246600.0 450.0 50196.7137807 48772.97943586 47160.5567083 -368.63 380.96 -270.99 6.8 6.68 5.94073 0.17575 0.55793 6.77 9.645854 6.97 0.02103 0.013181 0.7262 -0.3735 -0.5772 0.934386 0.892293 0.278967 0.39359 0.875936 0.590596 0.648926 -0.479678 0.757215 -0.651138 0.051424 197.36 12.0 1.0 1755580000.0 -2403740000.0 -1197560000.0 103.395 2.57718
1890.0 -1.0 0.0 63898100.0 398.0 50611.93469324 49767.27884067 47007.97313922 -420.36 308.76 -253.14 6.51 6.37 6.18558 0.32932 0.58516 6.51 9.214019 6.59 0.038695 0.02624 0.6294 -0.6997 -0.3381 0.957152 0.930468 -0.129425 0.672402 0.728783 -0.1642 0.710285 -0.684495 0.9779 0.208257 -0.01848 198.92 12.0 1.0 1388790000.0 -2008640000.0 -1029150000.0 93.9513 2.56002
1906.0 -1.0 0.0 62453100.0 389.0 50259.63422024 50141.69631582 47265.85077517 -439.63 333.05 -237.2 6.48 6.4 5.82888 0.53184 0.59849 6.46 9.104363 7.14 0.05287 0.028899 0.3975 -0.3686 -0.8403 0.919066 0.822289 0.467574 -0.464061 0.752344 0.855756 0.02438 -0.516806 0.221487 0.885468 0.408523 197.36 12.0 1.0 1589940000.0 -1976620000.0 -923820000.0 92.7752 2.68537
1990.0 -1.0 0.0 54586300.0 340.0 49776.26294962 50113.49644453 46891.33376001 -378.86 384.24 -196.91 6.17 6.03 5.5156 0.50667 0.31802 6.18 8.784173 6.52 0.042237 0.023279 0.2878 -0.1693 -0.9426 0.950003 0.84515 0.633526 -0.502535 0.588305 0.504166 0.844895 0.178797 -0.586908 0.183331 0.788624 199.42 12.0 1.0 1160660000.0 -1475870000.0 -844309000.0 75.8121 2.63314
1994.0 -1.0 0.0 54265200.0 338.0 50486.6678838 48945.33698293 47034.50935261 -349.8 354.13 -255.73 6.16 6.11 4.44777 0.86935 0.34939 6.16 8.760921 6.83 0.069404 0.022205 -0.4654 0.29 0.8362 0.947101 0.85203 0.661728 -0.008119 0.7497 0.67955 -0.415952 -0.604314 0.316746 0.90935 -0.26973 199.82 12.0 1.0 1266510000.0 -1371750000.0 -1397650000.0 67.5115 2.47496
2060.0 -1.0 0.0 47682700.0 297.0 49480.37121977 50853.66862161 47449.38492775 -466.26 397.22 -186.19 5.92 5.82 4.15917 0.34522 0.94425 5.92 8.408728 6.4 0.031711 0.015885 -0.1597 -0.8763 -0.4545 0.899071 0.811793 0.693571 -0.394394 -0.602837 0.068169 -0.797136 0.59994 0.717155 0.457196 0.525985 197.85 11.0 1.0 975610000.0 -1182910000.0 -739760000.0 72.74 2.76297
2064.0 -1.0 0.0 47201100.0 294.0 51088.778586 49215.0074512 46638.412046 -329.91 289.7 -235.8 5.88 5.86 4.30422 0.45155 0.10031 5.87 8.353467 6.82 0.006225 0.000835 -0.5964 0.7927 -0.1264 0.956547 0.790216 0.297981 0.330905 0.895382 0.908635 -0.3858 -0.159812 0.292557 0.861197 -0.415633 199.99 11.0 1.0 1098290000.0 -1083630000.0 -1056420000.0 62.6717 -1.0
2078.0 -1.0 0.0 45274500.0 282.0 49660.56075841 50009.59634781 47953.33461929 -439.59 393.36 -254.11 5.8 5.67 5.54861 0.50362 0.30607 5.81 8.26704 6.39 0.029136 0.01162 -0.9645 -0.2496 -0.08637 0.929436 0.866488 -0.415491 0.372549 0.829804 0.412962 0.890097 -0.192844 0.81045 -0.262553 0.523676 199.49 11.0 1.0 923647000.0 -1044500000.0 -829612000.0 65.6811 2.58091
2094.0 -1.0 0.0 43347900.0 270.0 50725.11617611 49423.83771197 47061.78983946 -384.71 296.49 -228.31 5.73 5.7 4.82063 0.8677 0.1203 5.71 8.084434 7.61 0.05324 0.035475 0.2562 -0.2411 0.9361 0.948201 0.888427 0.098511 0.984685 -0.143842 0.576136 0.061423 0.815043 0.811396 -0.163164 -0.561262 198.61 11.0 1.0 1253730000.0 -940420000.0 -935773000.0 56.6916 2.41676
2134.0 -1.0 0.0 40779200.0 254.0 50120.39288524 50062.62347812 46885.79739914 -416.93 351.71 -257.19 5.61 5.04 4.78276 0.53463 0.16681 5.6 7.925673 5.42 0.018034 0.012583 -0.6657 -0.6646 -0.3393 0.91138 0.864498 -0.265633 0.942636 0.202178 -0.429937 -0.303531 0.850308 0.862898 0.138946 0.485902 199.12 11.0 1.0 600072000.0 -910624000.0 -341424000.0 61.0574 2.53167
2144.0 -1.0 0.0 40137000.0 250.0 50081.54590175 49994.54055192 47267.06209048 -437.65 368.02 -279.29 5.6 5.51 1.80562 0.44323 0.43577 5.57 7.849759 6.11 0.030624 0.016332 -0.3062 0.4265 0.8511 0.941901 0.858915 0.811285 -0.581352 0.062022 -0.113082 -0.051951 0.992227 0.573611 0.811992 0.107887 196.3 11.0 1.0 748513000.0 -924363000.0 -525084000.0 70.4215 2.69731
2145.0 -1.0 0.0 40137000.0 250.0 50900.0289506 49516.83935704 46969.06931822 -381.66 296.03 -247.77 5.58 5.48 3.29679 0.71323 0.27175 5.58 7.864053 5.92 0.026842 0.013769 -0.5249 0.8264 0.2039 0.909455 0.814827 0.73586 0.104508 -0.669021 0.418152 0.706987 0.570367 -0.532597 0.699463 -0.476542 198.45 11.0 1.0 704511000.0 -867807000.0 -450299000.0 57.3924 2.6212
2177.0 -1.0 0.0 37889300.0 236.0 49689.80655477 49871.17970312 47728.83637531 -392.34 392.09 -222.87 5.47 5.4 4.08559 0.6062 0.77182 5.47 7.800734 6.62 0.056287 0.016998 0.1717 0.9826 -0.07038 0.861609 0.769945 0.192305 0.786742 0.586563 -0.427238 -0.470979 0.771782 0.883452 -0.399019 0.245554 199.3 11.0 1.0 829429000.0 -777949000.0 -845979000.0 60.5538 2.53316
2231.0 -1.0 0.0 33715100.0 210.0 50249.83955661 48859.77753591 47283.04659117 -355.66 363.88 -264.47 5.25 5.23 3.13226 0.46209 0.78923 5.25 7.428919 6.31 0.048859 0.016801 0.683 -0.004918 0.7304 0.922905 0.72062 0.945033 -0.299472 -0.131261 0.309194 0.949052 0.060825 0.106358 -0.098067 0.98948 199.88 10.0 1.0 672111000.0 -617105000.0 -570148000.0 50.9523 2.3787
2267.0 -1.0 0.0 30664700.0 191.0 50733.59552956 50770.13641181 46792.1867937 -434.75 323.85 -196.09 5.09 5.02 3.44814 0.32516 0.25347 5.1 7.495197 6.77 0.075673 0.047821 -0.1391 -0.2002 0.9698 0.953754 0.834166 0.779755 0.587543 -0.216277 -0.573318 0.531273 -0.623744 -0.251574 0.610363 0.751111 199.82 10.0 1.0 702647000.0 -544060000.0 -627043000.0 47.7903 2.50107
2288.0 -1.0 0.0 29219700.0 182.0 51085.94635748 49130.0639304 46875.90120161 -380.12 278.41 -270.07 5.02 4.67 2.96155 0.42448 0.40644 5.04 7.160143 5.88 0.022864 0.006801 -0.8175 -0.5387 -0.2035 0.864721 0.807311 -0.565379 0.814258 -0.131641 0.80388 0.508212 -0.309027 0.184726 0.280541 0.941898 198.28 10.0 1.0 505933000.0 -538271000.0 -308821000.0 50.9082 2.92937
2323.0 -1.0 0.0 27132600.0 169.0 50003.4010978 50284.51908202 47159.82403074 -448.52 352.3 -218.37 4.91 1.75 3.443 0.25666 0.26176 5.47 7.163401 5.68 0.04254 0.034519 0.5622 0.3323 0.7573 0.969611 0.789662 -0.651549 0.078175 0.754567 0.755498 0.156823 0.636105 -0.068606 0.984528 -0.161239 197.55 10.0 1.0 437872000.0 -650296000.0 -143403000.0 74.9774 7.0653
2331.0 -1.0 0.0 26329900.0 164.0 50378.6409941 49422.11390841 46183.69277764 -357.59 290.97 -180.29 4.86 4.72 3.47304 0.34574 0.35785 4.85 6.850838 5.59 0.048911 0.018657 0.09183 -0.8266 -0.5552 0.884877 0.739491 -0.586758 0.767785 -0.257333 -0.507906 -0.101448 0.855418 0.630672 0.632625 0.449488 197.09 10.0 1.0 411051000.0 -455668000.0 -292362000.0 51.5145 2.78237
2345.0 -1.0 0.0 24884900.0 155.0 49684.6171177 49926.58912704 47712.73988097 -395.62 390.66 -222.84 4.76 4.71 1.83595 0.17211 0.15415 4.75 6.707496 5.23 0.054913 0.017639 0.4228 0.8079 -0.4105 0.9641 0.880014 0.787219 -0.518916 -0.333184 0.616665 0.665184 0.421016 0.003156 -0.536895 0.843643 198.78 10.0 1.0 340677000.0 -369558000.0 -329345000.0 48.894 2.53167
2356.0 -1.0 0.0 24082200.0 150.0 50341.90304577 49921.37930046 46732.18174527 -405.4 324.25 -255.56 4.7 4.53 2.62691 0.45233 0.13235 4.75 6.697588 4.82 0.032627 0.023912 0.9956 0.09171 0.02115 0.847203 0.778685 -0.517674 0.807935 -0.281524 0.829688 0.393721 -0.395728 0.208881 0.438435 0.874153 199.5 9.0 1.0 280282000.0 -422796000.0 -129927000.0 52.5553 3.14874
2358.0 -1.0 0.0 24082200.0 150.0 50866.9734531 49248.19909202 46705.20251327 -367.24 328.41 -299.98 4.7 4.51 2.4679 0.67191 0.28924 4.71 6.734157 5.14 0.04507 0.022445 0.04512 -0.8831 0.467 0.933087 0.791837 0.058988 0.969936 0.236105 0.66291 -0.214898 0.717195 0.746371 0.11421 -0.655657 199.74 9.0 1.0 318656000.0 -384486000.0 -315171000.0 43.5116 2.63464
2413.0 -1.0 0.0 19907900.0 124.0 50109.91582745 49349.20629388 47350.46640823 -395.62 373.59 -249.14 4.44 4.34 2.73943 0.48133 0.15513 4.41 6.566773 5.25 0.019975 0.008345 -0.5366 0.3829 0.752 0.870966 0.761051 0.600506 0.72805 -0.33066 0.700115 -0.678495 -0.222449 0.386305 0.097918 0.917159 195.99 9.0 1.0 273840000.0 -307362000.0 -203323000.0 46.2603 2.66448
2464.0 -1.0 0.0 16375900.0 102.0 50692.97046254 49277.5774904 46867.77405441 -377.82 335.27 -292.76 4.15 3.42 1.61217 0.66924 0.21556 4.21 5.824858 4.54 0.012371 0.006372 -0.4639 -0.8746 -0.1408 0.918499 0.833055 0.75062 -0.338724 -0.567305 0.637871 0.595396 0.488492 0.172307 -0.728539 0.662979 196.87 8.0 1.0 168870000.0 -205721000.0 -76204000.0 34.1038 3.61732
2482.0 -1.0 0.0 15733700.0 98.0 49746.26057288 50683.7251724 47425.15639347 -464.55 378.5 -221.89 4.11 3.99 1.57039 0.40723 0.23561 4.08 5.773145 4.91 0.032059 0.009198 0.7628 -0.5918 0.2605 0.792077 0.702309 0.744602 -0.384126 -0.545908 0.136679 -0.712763 0.687959 0.653366 0.58687 0.478223 195.63 8.0 1.0 189550000.0 -178876000.0 -134314000.0 32.0294 2.6988
2506.0 -1.0 0.0 14770400.0 92.0 50026.42395133 50040.05712473 47314.85337272 -440.29 371.3 -277.64 4.0 3.85 3.10543 0.33761 0.26297 4.02 5.633722 4.92 0.024608 0.011457 -0.7907 0.3306 -0.5153 0.846716 0.713746 -0.412946 -0.286948 0.864371 -0.487424 0.871342 0.056399 0.769346 0.398025 0.499683 198.09 8.0 1.0 179132000.0 -153725000.0 -164690000.0 29.9801 2.96518
2537.0 -1.0 0.0 13325500.0 83.0 51220.9367007 50011.59359235 46840.48632625 -434.2 296.19 -271.02 3.87 3.8 1.43554 0.85513 0.33755 3.86 5.485936 5.17 0.042107 0.02989 0.917 0.3878 -0.09361 0.801075 0.698382 0.546256 0.698829 0.461782 -0.763549 0.188779 0.617539 0.344379 -0.689928 0.636712 197.04 8.0 1.0 178328000.0 -128671000.0 -128034000.0 24.9776 2.67269
2602.0 -1.0 0.0 10917300.0 68.0 49497.62300073 50758.14574124 47311.55552345 -473.24 399.34 -226.38 3.63 3.38 2.39635 0.35372 0.32296 3.67 5.380928 3.99 0.060318 0.034337 -0.4882 0.8218 0.2939 0.874999 0.796085 0.707453 0.326541 -0.626802 0.12027 0.818309 0.562054 -0.696452 0.473012 -0.539642 196.46 7.0 1.0 86814100.0 -109700000.0 -41897800.0 28.2859 3.55464
2621.0 -1.0 0.0 10114500.0 63.0 49594.89923287 50826.7582242 47505.81379809 -479.97 392.45 -212.76 3.53 3.47 3.34135 0.24434 0.6742 3.51 4.961618 3.99 0.068528 0.013432 0.4008 -0.8063 -0.4351 0.883531 0.791969 0.485786 -0.64375 -0.591268 0.783213 0.020267 0.621423 0.388058 0.764967 -0.514039 197.12 7.0 1.0 80704200.0 -83095900.0 -75652000.0 26.2858 2.42347
2652.0 -1.0 0.0 9311780.0 58.0 50184.12766531 50106.48027871 46860.92258424 -420.79 339.27 -243.88 3.57 3.27 1.39342 0.83786 0.31153 3.41 4.790636 3.65 0.068564 0.034884 -0.9812 0.03342 0.19 0.893227 0.689569 -0.166419 -0.435554 0.884645 0.116993 0.882097 0.456308 0.97909 -0.179436 0.095841 176.47 7.0 1.0 61930900.0 -75461500.0 -44637900.0 20.6644 3.39721
2655.0 -1.0 0.0 9151230.0 57.0 49883.57796582 50701.61600725 47548.37004963 -458.93 370.06 -205.37 3.53 3.31 2.12532 0.39884 0.35426 3.39 4.787682 4.05 0.130165 0.019257 0.4401 -0.8604 -0.2569 0.882545 0.743055 0.070206 -0.209357 0.975316 0.967126 -0.225277 -0.117974 0.244415 0.951535 0.186659 179.4 7.0 1.0 74967400.0 -73849800.0 -60417000.0 23.5097 3.25171
2662.0 -1.0 0.0 9151230.0 57.0 51114.06722973 49270.35410856 46487.84568598 -358.92 266.41 -270.95 3.41 3.24 3.00159 0.43313 0.14295 3.42 4.931494 4.2 0.034263 0.009649 -0.4093 -0.3988 -0.8206 0.812968 0.735177 0.779002 -0.472948 0.411675 0.626519 0.560823 -0.54125 0.025106 0.679557 0.733193 198.97 7.0 1.0 80589400.0 -76398200.0 -52407400.0 24.6071 2.91519
2740.0 -1.0 0.0 6421920.0 40.0 49743.34531433 50170.15016996 46933.63525055 -381.11 388.97 -194.97 3.07 2.94 1.7189 0.53915 0.52036 3.03 4.301094 4.04 0.105052 0.067762 -0.4096 0.7722 0.4858 0.890887 0.753405 0.789921 -0.139141 0.597214 -0.605365 -0.332219 0.723301 -0.097765 0.932883 0.346658 190.63 6.0 1.0 52445300.0 -40432200.0 -39458300.0 17.3834 3.0301
2799.0 -1.0 0.0 5137530.0 32.0 50015.19097657 50005.90896997 47148.94030915 -383.51 382.55 -221.52 2.83 2.55 1.85024 0.57057 0.06566 2.8 3.953621 3.23 0.149614 0.042907 0.6712 0.2974 0.679 0.815244 0.75925 -0.111215 0.98802 0.106991 0.989527 0.100125 0.10398 -0.092022 -0.117435 0.988808 195.58 5.0 1.0 26858100.0 -28509300.0 -20990200.0 15.0227 2.60777
2839.0 -1.0 0.0 4334790.0 27.0 49532.72527705 50322.85965979 47056.1657846 -386.29 403.89 -188.84 2.68 2.59 2.34103 0.168 0.31088 2.63 5.078014 4.38 0.157838 0.11294 0.4923 0.69 -0.5307 0.969871 0.847087 -0.52054 0.718255 0.46168 0.655949 0.682542 -0.322283 0.546598 -0.135077 0.826429 194.74 5.0 1.0 41502900.0 -33769800.0 -44217400.0 27.9514 -1.0
2866.0 -1.0 0.0 4013700.0 25.0 50308.39924018 48650.78496933 46934.73974864 -352.94 368.78 -286.23 2.59 2.51 2.29863 0.83003 0.36026 2.57 4.224414 3.8 0.21622 0.163319 -0.8929 0.172 -0.416 0.927905 0.807887 0.967858 0.242895 0.065216 0.120039 -0.674021 0.728894 -0.221002 0.697638 0.681513 199.16 5.0 1.0 29010700.0 -21374000.0 -29418800.0 13.0847 -1.0
2874.0 -1.0 0.0 3853150.0 24.0 51033.06013804 49118.35084741 46928.51035641 -375.93 273.88 -274.18 2.72 2.02 1.67523 0.5805 0.30674 2.55 3.490404 3.15 0.093287 0.038294 0.7448 0.4193 0.5191 0.805398 0.567416 -0.018407 0.999486 -0.026235 0.722495 0.031435 0.690661 -0.691131 0.006242 0.722702 164.62 5.0 1.0 19057300.0 -17079800.0 -10497200.0 12.0656 3.96204
2896.0 -1.0 0.0 3692600.0 23.0 49833.3966 49691.56316498 47596.82176406 -419.66 374.89 -267.39 2.67 2.41 2.41198 0.7641 0.22725 2.45 3.451104 2.95 0.05095 0.008992 0.2612 0.9053 0.3349 0.791313 0.595701 -0.52893 0.844244 0.086524 0.817886 0.534298 -0.213515 0.226488 0.042168 0.973101 167.48 4.0 1.0 16058900.0 -15716500.0 -11453200.0 11.1892 2.7667
2899.0 -1.0 0.0 3532050.0 22.0 49815.12299606 50478.52545977 47117.13822825 -441.47 367.59 -251.02 2.54 1.62 0.90047 0.27385 0.50013 2.69 3.544805 2.92 0.040789 0.030751 0.5016 -0.5043 -0.7029 0.895903 0.658576 0.984602 -0.160679 0.068853 0.172876 0.836572 -0.519867 0.025931 0.523765 0.851468 186.4 4.0 1.0 15069500.0 -21083400.0 -4876110.0 20.2004 6.29975
2933.0 -1.0 0.0 3371510.0 21.0 49636.32527533 50196.51454265 46978.70768196 -378.18 396.59 -189.84 2.46 2.2 2.02767 0.63359 0.38704 2.44 4.628913 3.71 0.19063 0.070494 -0.7178 -0.06086 0.6936 0.834566 0.710551 0.839117 0.05056 0.541596 -0.424484 -0.561742 0.710112 -0.34014 0.825766 0.449906 194.4 4.0 1.0 23217900.0 -21860100.0 -12527900.0 15.8697 2.77491
2942.0 -1.0 0.0 3210960.0 20.0 50935.30832335 49487.45792688 46961.56812269 -386.33 296.52 -249.33 2.61 2.16 2.16284 0.50471 0.36146 2.4 3.252704 2.36 0.062395 0.04141 0.2267 0.2593 0.9388 0.853175 0.760999 0.172209 0.741066 -0.648972 -0.851487 0.443241 0.280192 0.495292 0.504339 0.707338 155.26 4.0 1.0 8934740.0 -12675700.0 -1765300.0 11.1101 4.33064
2945.0 -1.0 0.0 3210960.0 20.0 50429.06190668 49272.58108343 47248.16722529 -390.18 361.16 -296.26 2.54 2.18 1.87219 0.40085 0.19148 2.39 3.4061 2.69 0.091451 0.031796 0.8916 -0.4256 0.155 0.816768 0.615568 0.946507 0.178679 0.268698 -0.012462 0.852318 -0.522875 -0.322443 0.491556 0.808952 168.14 4.0 1.0 11606000.0 -12660300.0 -3713760.0 12.0483 3.63971
