#ID(1) hostHalo(2) numSubStruct(3) Mvir(4) npart(5) Xc(6) Yc(7) Zc(8) VXc(9) VYc(10) VZc(11) Rvir(12) Rmax(13) r2(14) mbp_offset(15) com_offset(16) Vmax(17) v_esc(18) sigV(19) lambda(20) lambdaE(21) Lx(22) Ly(23) Lz(24) b(25) c(26) Eax(27) Eay(28) Eaz(29) Ebx(30) Eby(31) Ebz(32) Ecx(33) Ecy(34) Ecz(35) ovdens(36) nbins(37) fMhires(38) Ekin(39) Epot(40) SurfP(41) Phi0(42) cNFW(43)
1.0 -1.0 14.0 675623000000.0 4208235.0 51145.02807458 48466.82945887 45724.92647502 -329.69 324.18 -213.31 142.7 32.21 2.09585 0.03714 1.86276 168.9 201.803078 172.72 0.034038 0.03388 0.1839 -0.7238 -0.665 0.815416 0.784092 0.018679 -0.200585 0.979498 -0.648828 0.742938 0.164515 0.760706 0.638599 0.116268 200.0 37.0 1.0 1.00781e+16 -1.68933e+16 -1828070000000000.0 119900.0 9.23139
256.0 1.0 0.0 3265870000.0 20342.0 51151.45460836 48389.84560754 45766.04911791 -348.12 262.42 -131.33 24.13 2.36 1.20143 0.06363 0.56192 30.83 36.619239 38.36 0.015117 0.005053 0.8018 0.2231 0.5543 0.827046 0.780234 0.133726 0.887848 -0.440276 0.64931 0.25713 0.715738 0.748675 -0.381588 -0.542104 199.97 23.0 1.0 2403010000000.0 -2509230000000.0 -1134470000000.0 3875.63 12.8629
364.0 1.0 0.0 2015680000.0 12555.0 51145.78278168 48536.94425977 45679.26728207 -150.72 349.51 -63.48 20.55 10.44 7.52192 0.11718 0.31995 21.92 31.603203 27.74 0.052939 0.03369 0.8921 0.4371 -0.1141 0.767438 0.701739 0.72354 -0.492732 0.48343 -0.459872 0.178209 0.869919 0.514789 0.851737 0.097653 199.85 21.0 1.0 775818000000.0 -948018000000.0 -346865000000.0 1777.56 5.19842
374.0 -1.0 0.0 1938780000.0 12076.0 51220.62250188 48537.53753399 45599.10681687 -346.08 289.17 -195.88 20.28 3.69 2.39736 0.03174 0.34 30.62 29.140446 28.61 0.021966 0.028643 -0.8063 -0.3809 -0.4525 0.814886 0.734775 -0.533005 -0.474841 0.700308 0.500905 -0.844136 -0.191125 0.68191 0.248917 0.687779 199.98 21.0 1.0 793455000000.0 -1471190000000.0 -101931000000.0 3280.92 23.7381
417.0 -1.0 0.0 1631490000.0 10162.0 51027.73739183 48434.53588006 45588.27183576 -248.52 315.53 -225.13 19.14 3.4 4.10394 0.0423 0.04705 28.03 27.246407 26.0 0.007686 0.010073 0.09789 0.9746 0.2016 0.879403 0.825265 0.874054 0.213908 0.436203 -0.471211 0.154668 0.868354 -0.118281 0.964532 -0.235984 200.0 21.0 1.0 551555000000.0 -1065110000000.0 -51969300000.0 2779.13 21.3676
698.0 -1.0 0.0 676870000.0 4216.0 51213.22649571 48581.39595329 45804.08195055 -335.04 323.45 -216.86 14.31 2.38 0.95049 0.10997 0.07988 24.1 20.275889 21.35 0.01902 0.028457 0.6977 0.6818 0.2198 0.779646 0.760081 0.439409 0.790183 0.427236 0.859637 -0.507909 0.055259 -0.260661 -0.342986 0.90245 198.59 18.0 1.0 154227000000.0 -308312000000.0 -10096100000.0 1717.0 34.2664
704.0 1.0 0.0 656159000.0 4087.0 51171.57159782 48418.84988837 45690.30872932 -298.93 234.59 -16.09 14.13 4.25 3.64293 0.10675 0.24359 18.71 20.485785 20.79 0.032852 0.029252 -0.9508 -0.1747 -0.2558 0.754394 0.640694 -0.185657 0.265668 0.946019 -0.294936 0.903298 -0.311553 0.937307 0.336857 0.089349 199.93 18.0 1.0 141861000000.0 -193798000000.0 -27590900000.0 1084.66 14.8052
807.0 -1.0 0.0 470727000.0 2932.0 51219.88993512 48534.20817966 45895.99566311 -290.48 295.7 -88.53 12.65 12.58 3.55766 0.21566 0.24719 12.65 18.588169 15.14 0.016091 0.009106 0.5987 -0.4521 0.6612 0.910337 0.764404 0.353212 0.56487 0.745763 -0.93439 0.252567 0.251246 0.046434 0.785577 -0.617019 199.97 17.0 1.0 53919100000.0 -65981000000.0 -46918600000.0 505.443 2.37796
878.0 1.0 0.0 398641000.0 2483.0 51157.32111865 48454.8078643 45792.45928261 -336.55 316.61 -136.84 11.97 2.22 2.34664 0.10936 0.21162 15.44 18.235157 18.31 0.032181 0.02075 -0.6346 -0.7107 0.3036 0.847972 0.702326 0.390285 -0.254747 0.884749 0.764911 -0.445128 -0.465588 0.512434 0.858466 0.021132 199.82 17.0 1.0 66798700000.0 -78665200000.0 -21458400000.0 803.253 13.3606
947.0 1.0 0.0 345339000.0 2151.0 51145.44582467 48509.59313684 45850.29150592 -411.22 428.17 -185.53 11.41 2.83 1.56312 0.15121 0.11401 14.58 16.891163 14.73 0.015162 0.015672 -0.9385 -0.3447 -0.01959 0.784354 0.716871 0.299008 0.078228 0.951039 -0.493187 0.865874 0.083836 0.816921 0.494108 -0.297485 199.9 17.0 1.0 37472700000.0 -61483000000.0 -10841900000.0 629.769 12.851
979.0 1.0 0.0 325431000.0 2027.0 51143.15322729 48437.69995066 45603.98017443 -267.57 382.36 -37.56 11.19 4.44 2.59802 0.15829 0.14166 12.43 16.403013 12.48 0.027381 0.02696 -0.2536 0.7975 0.5474 0.893272 0.837683 0.188176 0.375292 0.907604 0.911794 -0.410188 -0.019432 0.364996 0.831205 -0.419377 199.99 17.0 1.0 25337800000.0 -45074600000.0 -8008690000.0 505.157 6.69446
1123.0 -1.0 0.0 253505000.0 1579.0 51067.55118722 48321.61712245 45768.50868284 -335.78 478.59 -294.0 10.29 7.98 5.55056 0.19681 0.39878 10.46 14.653609 10.6 0.01613 0.012695 0.2363 0.1316 0.9627 0.929206 0.781954 0.521323 0.853296 -0.01041 0.727903 -0.451014 -0.516473 0.445399 -0.261671 0.85624 199.84 16.0 1.0 14241900000.0 -22556500000.0 -7877160000.0 273.704 3.35841
1151.0 1.0 0.0 242909000.0 1513.0 51186.72371396 48478.23849688 45823.99600154 -286.44 344.44 -360.84 10.2 2.8 1.94399 0.08656 0.14943 14.96 14.543554 13.61 0.00651 0.008353 -0.7766 -0.5812 -0.243 0.887285 0.821749 0.104 0.170249 0.979898 0.987092 0.102984 -0.122656 -0.121795 0.980005 -0.157341 196.88 16.0 1.0 22503200000.0 -42984400000.0 -1961680000.0 605.565 22.0869
1339.0 -1.0 0.0 170662000.0 1063.0 51258.93921092 48592.05093937 45677.58263885 -207.88 357.68 -233.69 9.04 9.0 4.64803 0.43445 0.35958 9.02 13.223195 11.69 0.034242 0.008462 0.4419 -0.3704 -0.817 0.90097 0.755926 0.22481 0.970853 0.083092 -0.219534 -0.032617 0.975059 0.94935 -0.237444 0.205803 198.91 15.0 1.0 11654200000.0 -11231000000.0 -8567730000.0 192.804 2.44586
1388.0 -1.0 0.0 156695000.0 976.0 51043.3894832 48564.47548401 45634.13320518 -300.37 261.22 -309.55 8.81 4.93 4.90589 0.23184 0.57149 9.34 12.745283 9.51 0.02133 0.019191 0.2595 0.9635 0.06626 0.950055 0.800351 0.674891 -0.342773 0.653475 -0.441833 0.521569 0.729897 0.591021 0.781327 -0.200554 197.06 15.0 1.0 7092700000.0 -11943500000.0 -2977690000.0 255.636 5.22528
1424.0 -1.0 0.0 145456000.0 906.0 51225.58504644 48539.86206681 45577.2690174 -251.45 339.45 -329.95 8.57 8.53 4.25955 0.22665 0.47403 8.55 12.987025 11.77 0.047946 0.021151 -0.6264 -0.1502 -0.7649 0.81178 0.711116 0.46794 0.6215 -0.628307 0.76554 0.070165 0.639551 -0.441567 0.780265 0.44295 199.02 14.0 1.0 10069700000.0 -9036250000.0 -10034400000.0 189.766 2.44959
1568.0 1.0 0.0 115113000.0 717.0 51240.82757732 48541.24114113 45648.84811874 -254.32 340.51 -223.12 7.92 7.67 6.74999 0.1425 0.21742 7.94 11.875975 10.06 0.01191 0.00522 -0.8321 -0.2438 0.4981 0.699318 0.590358 0.745335 0.542394 -0.387667 -0.544818 0.830669 0.114732 0.384253 0.125694 0.914632 199.58 14.0 1.0 5829790000.0 -6521120000.0 -5691320000.0 188.627 2.71149
1700.0 1.0 0.0 90709600.0 565.0 51116.78301371 48533.16582166 45641.10471652 -180.61 353.85 -64.92 7.32 5.78 6.21681 0.35666 0.21011 7.42 11.382867 8.69 0.046654 0.03183 -0.04826 0.02425 -0.9985 0.787565 0.669717 0.608726 -0.058708 0.791205 0.636842 0.630912 -0.44315 -0.473165 0.77363 0.421441 198.72 13.0 1.0 3423510000.0 -4548240000.0 -2078250000.0 145.232 3.33304
1703.0 -1.0 0.0 90549000.0 564.0 51181.38618909 48498.47244215 45532.23183646 -277.5 316.23 -204.95 7.33 3.34 4.10648 0.26949 0.14281 8.13 10.503717 8.18 0.011274 0.009735 0.1152 0.9634 -0.2421 0.929222 0.862549 0.784875 0.458328 -0.417022 -0.593529 0.749412 -0.293437 0.178031 0.477826 0.860225 197.82 13.0 1.0 3026820000.0 -4820550000.0 -1323580000.0 165.218 6.8034
1723.0 -1.0 0.0 86695900.0 540.0 51103.06862381 48556.22896744 45611.95593447 -140.82 309.78 -183.42 7.21 6.46 4.48603 0.41221 0.27174 7.25 11.266147 7.89 0.037693 0.031085 0.3259 -0.7272 -0.6042 0.948643 0.833546 0.893255 0.263517 0.364218 -0.285435 0.958375 0.006639 -0.347308 -0.109891 0.93129 199.32 13.0 1.0 2697350000.0 -4222900000.0 -1711190000.0 146.565 2.92787
1866.0 -1.0 0.0 66627400.0 415.0 51111.52647801 48573.56719813 45610.70709858 -265.05 215.3 -282.01 6.62 3.89 5.32881 0.1357 0.16511 7.33 9.722626 7.32 0.029906 0.027471 0.6672 0.6594 -0.3465 0.889535 0.833339 -0.066618 0.774972 -0.628474 0.762081 0.44609 0.469293 0.644045 -0.447685 -0.62031 197.94 12.0 1.0 1784500000.0 -3002030000.0 -590906000.0 143.965 6.75192
2165.0 1.0 0.0 38692100.0 241.0 51212.82058103 48577.2218023 45693.57646363 -185.13 407.56 -234.98 5.52 5.49 4.94366 0.46918 0.41943 5.49 8.396704 8.36 0.053479 0.043829 -0.1425 -0.4542 -0.8794 0.93468 0.754933 -0.686849 0.707815 -0.165034 0.014238 0.24013 0.970636 0.726661 0.664331 -0.17501 198.38 11.0 1.0 1351300000.0 -959245000.0 -1166370000.0 71.3185 2.33095
2187.0 1.0 0.0 36926000.0 230.0 51221.37333568 48395.85881179 45626.45969128 -257.85 217.66 -297.18 5.44 5.36 4.63594 0.33643 0.23595 5.42 8.115663 8.6 0.053155 0.05246 -0.04141 0.8426 -0.5369 0.843761 0.566661 0.742868 0.24826 0.621703 -0.491355 -0.428535 0.75824 -0.454662 0.868749 0.196361 197.66 11.0 1.0 1367090000.0 -841781000.0 -1015500000.0 62.2261 2.58763
2226.0 -1.0 0.0 34196700.0 213.0 51018.7923782 48386.10991709 45605.62864072 -256.09 467.0 -176.84 5.28 5.27 3.86185 0.4794 0.30452 5.27 8.182468 6.57 0.079303 0.016392 -0.08223 0.4617 -0.8832 0.913318 0.822369 0.286948 0.948995 0.130653 0.450312 -0.254008 0.855978 0.845506 -0.186787 -0.500231 199.64 10.0 1.0 738390000.0 -718048000.0 -662324000.0 55.7754 -1.0
2286.0 1.0 0.0 29380300.0 183.0 51143.25876638 48528.25404305 45699.74184691 -130.82 468.27 -267.75 5.2 3.73 2.54145 0.58064 0.13011 5.14 7.430966 8.64 0.117462 0.129412 0.1821 0.2046 -0.9618 0.626449 0.465491 0.980181 -0.113911 0.16208 0.176055 0.875997 -0.449037 -0.090831 0.468673 0.87869 179.62 10.0 1.0 1095510000.0 -662322000.0 -373574000.0 63.8836 4.36497
2324.0 1.0 0.0 27132600.0 169.0 51037.5565496 48408.48204391 45679.84034275 -271.31 355.55 -212.45 5.0 1.8 2.70192 0.11866 0.2125 6.75 7.0743 5.71 0.030316 0.038289 -0.6204 0.4984 0.6055 0.822697 0.784568 0.834387 -0.179889 0.520998 -0.530988 -0.008842 0.847333 0.147819 0.983647 0.102897 186.99 10.0 1.0 442140000.0 -947446000.0 -29388100.0 116.864 18.1106
2354.0 1.0 0.0 24403300.0 152.0 51126.20371662 48557.37731065 45619.4248918 -145.27 288.88 -165.73 4.76 3.88 3.11986 0.31406 0.27783 4.85 7.599958 5.86 0.073757 0.043448 -0.1001 -0.9921 -0.07507 0.930447 0.896842 0.837124 0.409321 -0.362876 0.359971 0.087278 0.928872 -0.411878 0.908206 0.074281 194.77 10.0 1.0 419218000.0 -512594000.0 -212506000.0 60.8011 3.96503
2406.0 -1.0 0.0 20389600.0 127.0 51061.49002125 48458.03905475 45600.42917728 -309.36 381.44 -170.92 4.46 4.42 1.61692 0.49929 0.41808 4.44 6.789638 4.62 0.056398 0.044833 -0.9669 0.144 -0.2108 0.880326 0.793141 0.222344 0.663269 0.714589 0.973327 -0.193522 -0.123226 -0.056557 -0.722927 0.688606 197.46 9.0 1.0 217672000.0 -344285000.0 -184939000.0 49.7703 2.4757
2424.0 -1.0 0.0 19426300.0 121.0 51193.46622529 48652.58151115 45675.06177639 -315.01 455.88 -185.59 4.41 4.06 1.94382 0.56369 0.52955 4.42 6.301491 6.02 0.033741 0.02297 0.9462 0.3235 -0.001212 0.942387 0.672742 0.995977 -0.087004 -0.021443 -0.02585 -0.508094 0.860914 0.085798 0.856896 0.508299 195.02 9.0 1.0 352244000.0 -266931000.0 -237246000.0 37.7997 3.32334
2509.0 -1.0 0.0 14609900.0 91.0 51071.25476712 48345.66131707 45617.26734752 -191.67 392.28 -163.53 3.98 3.92 2.73358 0.41381 0.33075 3.98 5.886658 4.88 0.055611 0.017013 0.02861 0.9569 0.289 0.941309 0.783792 0.745449 0.091249 0.660287 -0.548864 0.646113 0.530365 0.378224 0.757768 -0.531728 199.28 8.0 1.0 173879000.0 -163086000.0 -167313000.0 30.6733 2.54883
2774.0 -1.0 0.0 5458630.0 34.0 51272.14244008 48427.11521685 45601.93309685 -239.19 278.5 -299.13 2.9 2.8 1.96985 0.23125 0.02353 2.85 5.630665 3.59 0.072857 0.060307 -0.369 -0.1434 -0.9183 0.876985 0.819446 0.953593 -0.174597 0.245307 0.186758 0.982034 -0.027031 -0.23618 0.07159 0.969069 192.38 5.0 1.0 35079600.0 -50214000.0 -36246100.0 26.7243 2.54137
