#ID(1) hostHalo(2) numSubStruct(3) Mvir(4) npart(5) Xc(6) Yc(7) Zc(8) VXc(9) VYc(10) VZc(11) Rvir(12) Rmax(13) r2(14) mbp_offset(15) com_offset(16) Vmax(17) v_esc(18) sigV(19) lambda(20) lambdaE(21) Lx(22) Ly(23) Lz(24) b(25) c(26) Eax(27) Eay(28) Eaz(29) Ebx(30) Eby(31) Ebz(32) Ecx(33) Ecy(34) Ecz(35) ovdens(36) nbins(37) fMhires(38) Ekin(39) Epot(40) SurfP(41) Phi0(42) cNFW(43)
2.0 -1.0 28.0 516870000000.0 3219414.0 48594.8474068 51763.15208609 48098.18175904 -472.06 395.54 -211.15 130.51 49.46 18.09337 0.05853 1.74748 144.12 186.80775 241.11 0.004971 0.005548 -0.1181 0.8077 -0.5776 0.913526 0.758096 0.71393 0.661845 -0.228615 -0.209647 0.513554 0.832052 0.668096 -0.546099 0.505395 200.0 36.0 1.0 1.50234e+16 -9539450000000000.0 -3238190000000000.0 73822.2 6.44823
387.0 2.0 0.0 3029540000.0 18870.0 48686.33904544 51840.63639862 48087.0676669 -281.68 438.82 -471.02 23.53 4.4 14.54671 0.10973 0.18092 30.7 34.459899 36.08 0.056085 0.042298 -0.387 0.8093 -0.4419 0.769262 0.596313 -0.033041 0.446673 0.894087 0.704227 0.645189 -0.296302 0.709205 -0.61985 0.335877 199.93 23.0 1.0 1971520000000.0 -2448530000000.0 -506675000000.0 3531.2 13.9732
632.0 2.0 0.0 1719310000.0 10709.0 48668.62908654 51802.31946102 48078.95928189 -183.42 475.68 -65.09 19.53 2.63 1.54475 0.04801 0.10763 32.63 27.563112 35.32 0.052266 0.057821 0.2381 -0.9286 -0.2846 0.755041 0.608344 0.440734 -0.133899 0.887595 0.789643 0.528061 -0.312435 -0.42687 0.838584 0.338467 198.53 21.0 1.0 1072180000000.0 -1470530000000.0 -54713200000.0 3719.71 33.4449
832.0 -1.0 0.0 1209090000.0 7531.0 48499.28139101 51754.87089531 48226.23592516 -365.39 291.79 -398.09 17.33 3.11 3.70659 0.06307 0.12984 26.1 24.697581 23.98 0.007878 0.010314 -0.8361 -0.5 -0.2258 0.904361 0.887527 -0.585829 0.137127 0.79875 0.133524 0.988444 -0.071763 0.79936 -0.064611 0.597368 199.77 20.0 1.0 347608000000.0 -658480000000.0 -31473800000.0 2228.16 23.568
1043.0 2.0 0.0 907577000.0 5653.0 48608.49163466 51744.4592112 48028.71376588 -666.84 712.44 -71.5 15.77 3.47 1.93044 0.11399 0.23713 19.33 22.839386 21.92 0.044026 0.036973 0.3398 0.5951 -0.7282 0.740925 0.717984 -0.50995 0.648923 0.564667 0.516067 0.755973 -0.402715 0.688205 -0.086041 0.720397 199.08 19.0 1.0 218068000000.0 -297283000000.0 -75458600000.0 1357.15 10.9035
1177.0 -1.0 0.0 803382000.0 5004.0 48717.60918611 51908.54387451 48093.65910373 -633.16 229.21 -321.62 15.16 2.56 1.71833 0.1197 0.17079 23.04 21.445133 20.8 0.013331 0.018295 0.645 -0.341 0.6839 0.935702 0.900002 0.408912 0.901417 0.14226 -0.26709 -0.030847 0.963178 0.872613 -0.431851 0.228146 198.4 19.0 1.0 173711000000.0 -346147000000.0 -11940100000.0 1762.41 24.591
1488.0 -1.0 0.0 588248000.0 3664.0 48734.88087491 51701.75872083 47992.73044891 -508.74 362.53 -202.49 13.64 1.74 0.86022 0.07641 0.08588 26.04 19.33396 22.49 0.009767 0.016677 0.4998 -0.2589 0.8265 0.786387 0.766036 0.766138 -0.272105 -0.582229 0.542656 0.759265 0.359222 0.34432 -0.591164 0.729362 199.35 18.0 1.0 148760000000.0 -307802000000.0 -4147820000.0 1893.9 49.9237
1784.0 -1.0 0.0 462057000.0 2878.0 48662.65500134 51915.79851237 48125.35639514 -377.16 658.87 -208.87 12.58 8.34 3.96796 0.21278 0.56492 13.57 17.946454 20.57 0.052228 0.044288 -0.8041 -0.04257 0.593 0.885217 0.714268 0.737585 -0.449848 -0.503592 0.675209 0.499982 0.54232 0.007825 -0.740037 0.67252 199.57 17.0 1.0 97726000000.0 -71488200000.0 -35937100000.0 527.341 5.62746
2234.0 2.0 0.0 347747000.0 2166.0 48615.75476928 51848.86342436 48110.09335799 -434.34 768.9 -253.28 11.58 4.45 2.91626 0.07717 0.2923 15.08 17.763833 23.69 0.045937 0.050795 -0.7385 0.3249 0.5908 0.684204 0.640841 -0.166035 0.942139 -0.291216 0.52554 0.334422 0.782285 0.83441 -0.023159 -0.550657 192.6 17.0 1.0 97584000000.0 -70129500000.0 -6541800000.0 674.296 14.9066
2440.0 -1.0 0.0 311624000.0 1941.0 48530.78160227 51719.1622198 48246.3929779 -464.88 319.01 26.77 11.06 6.25 1.47893 0.17905 0.48157 12.03 15.785004 17.26 0.100741 0.06762 0.2312 0.9599 0.1588 0.869617 0.722854 0.948858 -0.056931 -0.310529 0.11311 0.979614 0.166023 0.294747 -0.192656 0.935953 197.98 16.0 1.0 46441000000.0 -37936700000.0 -16944800000.0 407.262 6.06098
2911.0 -1.0 0.0 239538000.0 1492.0 48539.90773915 51865.17608232 48195.46433467 -179.79 328.74 -176.94 10.1 5.25 1.72479 0.13632 0.49616 11.17 14.427765 11.41 0.017351 0.015725 0.2783 -0.3988 -0.8738 0.820087 0.73682 0.717521 -0.462581 -0.520752 0.677774 0.291324 0.675094 0.160578 0.837347 -0.522557 199.7 16.0 1.0 15593700000.0 -25622800000.0 -4639820000.0 363.661 6.52509
3046.0 -1.0 0.0 222680000.0 1387.0 48687.4184093 51890.16574138 48064.19941219 -637.62 259.93 -10.53 9.86 5.49 4.31172 0.204 0.337 10.1 14.646487 11.13 0.028688 0.023286 0.4836 -0.1473 0.8628 0.917807 0.74714 -0.687089 -0.323701 0.650481 0.048166 0.873011 0.485316 0.724975 -0.364787 0.584245 199.98 15.0 1.0 13780800000.0 -20907500000.0 -6384920000.0 314.473 3.68895
3184.0 2.0 0.0 208712000.0 1300.0 48571.93703113 51797.59921276 48039.32972559 -540.18 575.39 128.14 9.67 4.26 1.35053 0.07199 0.53102 10.87 14.014308 13.58 0.040175 0.018057 0.7358 -0.1838 -0.6518 0.686891 0.665781 0.059278 -0.133724 0.989244 0.578002 0.812563 0.075206 0.81388 -0.567327 -0.12546 198.75 15.0 1.0 19258300000.0 -21215900000.0 -8349760000.0 357.794 7.24587
3439.0 2.0 0.0 184470000.0 1149.0 48670.8179534 51798.81169417 48133.32894695 -383.16 478.08 -426.66 9.3 2.05 3.54434 0.15763 0.24262 15.56 13.105805 13.9 0.022011 0.031802 -0.09974 0.9776 -0.1853 0.719474 0.648123 0.538928 0.143041 0.830118 0.82693 0.097864 -0.553723 -0.160444 0.984866 -0.065543 197.53 15.0 1.0 17811400000.0 -34243600000.0 -1251610000.0 602.794 33.8687
3522.0 -1.0 0.0 176924000.0 1102.0 48528.96760208 51928.05239649 48036.53537023 -454.88 487.61 -307.39 9.14 4.55 6.43781 0.22548 0.34217 9.41 13.523582 10.84 0.025309 0.018751 0.9531 -0.2751 0.1263 0.773368 0.671549 -0.416077 0.81984 -0.393373 0.882831 0.46787 0.041317 -0.21792 0.330091 0.91845 199.19 15.0 1.0 10403000000.0 -14444600000.0 -8327740000.0 276.16 3.94414
3524.0 2.0 0.0 176924000.0 1102.0 48538.33630775 51807.81391807 48115.70559095 -608.05 666.23 -359.1 9.15 3.54 3.01204 0.10299 0.11563 11.98 13.023381 16.38 0.10232 0.068308 -0.4855 -0.6986 -0.5255 0.574605 0.4909 -0.218493 -0.562603 0.797332 -0.455395 0.781431 0.426592 0.863062 0.269893 0.426944 198.68 15.0 1.0 23738600000.0 -20459900000.0 -1824170000.0 391.227 14.3724
3847.0 2.0 0.0 152681000.0 951.0 48611.18961434 51829.37736011 48143.94394666 -453.65 385.96 -421.32 8.71 1.64 1.84619 0.11292 0.15952 15.64 12.436323 13.75 0.009419 0.014899 -0.9974 -0.008573 0.072 0.698285 0.630596 0.083586 0.32576 0.94175 0.448637 0.83156 -0.327464 0.889797 -0.449875 0.076641 199.05 14.0 1.0 14442700000.0 -28849300000.0 -694573000.0 594.76 41.6943
4059.0 -1.0 0.0 137429000.0 856.0 48495.8421204 51935.34384708 48085.84857766 -518.48 167.16 -133.4 8.39 4.65 4.6076 0.30087 0.18277 8.8 11.975035 8.8 0.026576 0.023448 -0.7899 -0.3211 0.5225 0.882552 0.792748 -0.541053 0.568631 -0.619613 -0.114805 0.67993 0.724234 0.833115 0.462984 -0.302597 199.8 14.0 1.0 5315980000.0 -9081670000.0 -2046070000.0 211.051 4.54181
4194.0 2.0 0.0 128117000.0 798.0 48584.24321694 51731.3138527 47973.50054278 -628.22 456.62 -355.56 8.49 3.43 1.76234 0.28917 0.28459 9.89 11.434989 11.8 0.084113 0.0488 0.6135 0.764 -0.1999 0.652017 0.612665 -0.425638 0.542973 0.723887 0.828328 0.555838 0.070125 -0.364288 0.629464 -0.686345 179.9 14.0 1.0 8924450000.0 -10323400000.0 -1244350000.0 257.843 10.8789
4248.0 -1.0 0.0 124585000.0 776.0 48722.01902251 51689.33493476 48232.27488706 -492.52 316.3 -137.91 8.13 2.34 5.81205 0.28863 0.37398 8.94 11.603396 9.32 0.01935 0.017076 -0.6775 0.348 0.648 0.83314 0.668824 0.403237 -0.644687 0.649444 0.682935 0.684394 0.25535 0.609097 -0.340562 -0.716253 199.45 14.0 1.0 5416380000.0 -8613780000.0 -2639470000.0 242.115 6.33631
4408.0 2.0 0.0 115755000.0 721.0 48621.61774384 51852.44208888 48129.79201476 -354.47 551.42 -15.68 6.32 2.5 1.30753 0.2127 0.1842 10.75 12.576247 13.81 0.087868 0.014762 0.878 0.02402 -0.478 0.799989 0.641458 -0.17051 0.949954 -0.261753 0.96899 0.11344 -0.21952 0.17884 0.291066 0.939839 393.77 14.0 1.0 11040400000.0 -10911800000.0 -1108030000.0 293.909 10.2574
4777.0 -1.0 0.0 97452600.0 607.0 48725.64748979 51666.31542461 48137.94810587 -671.35 547.03 -78.34 7.51 7.46 5.20548 0.53242 0.23019 7.48 10.644549 7.72 0.026538 0.017842 0.6183 -0.7359 -0.2759 0.925484 0.851079 0.833941 -0.550423 -0.039713 -0.221218 -0.399358 0.889706 0.505574 0.733177 0.454804 197.98 13.0 1.0 2906880000.0 -4136210000.0 -1936590000.0 120.583 2.52943
4883.0 2.0 0.0 92154500.0 574.0 48564.63100899 51692.29198385 48103.59334504 -299.99 558.33 -288.65 7.72 1.46 1.14932 0.09033 0.04717 12.57 11.141399 10.85 0.006998 0.011054 0.6258 0.215 -0.7498 0.623649 0.592996 0.560345 0.787928 -0.255308 -0.676473 0.613232 0.407837 0.477909 -0.05582 0.876634 172.04 13.0 1.0 5424260000.0 -11323300000.0 -359877000.0 390.54 38.5224
5036.0 2.0 0.0 84448200.0 526.0 48513.5441646 51673.56785387 48046.46614939 -583.34 259.23 -305.53 7.21 4.99 3.70947 0.24173 0.49969 7.78 10.110838 10.5 0.010713 0.005321 0.2968 0.8839 -0.3615 0.852935 0.786603 0.590146 0.600517 0.539544 0.625905 -0.762458 0.164015 0.509873 0.240911 -0.825828 193.88 13.0 1.0 4656460000.0 -4131660000.0 -1915400000.0 164.162 6.1826
5070.0 -1.0 0.0 83003300.0 517.0 48524.26492431 51950.13207666 48062.19521868 -500.57 515.97 -315.32 7.1 6.72 5.66979 0.39898 0.63722 7.12 10.478708 9.49 0.052555 0.022348 -0.7904 -0.5204 -0.323 0.758637 0.662771 -0.430693 0.894772 0.117842 0.679981 0.235871 0.694256 0.593405 0.379142 -0.710016 199.4 13.0 1.0 3738180000.0 -3360920000.0 -2918290000.0 115.294 2.75551
5074.0 2.0 0.0 82842700.0 516.0 48572.18332363 51685.38285024 48002.50304468 -585.35 332.76 -229.37 7.09 2.68 1.81312 0.13018 0.44289 8.99 10.14752 9.23 0.0191 0.018275 -0.9938 -0.1072 -0.03013 0.629 0.601851 0.091146 0.597525 0.796653 -0.582799 0.680683 -0.443864 0.807488 0.423832 -0.410279 199.58 13.0 1.0 3527960000.0 -5432180000.0 -1446230000.0 235.243 12.466
5079.0 -1.0 0.0 82521600.0 514.0 48770.40370597 51676.24878634 48100.61128664 -530.29 618.85 -60.4 7.1 6.27 1.98866 0.53829 0.52001 7.24 10.133077 7.66 0.049265 0.033478 -0.9557 0.2492 -0.1569 0.912024 0.832666 0.866024 -0.345012 -0.361897 0.47559 0.344996 0.809192 0.154328 0.872894 -0.462859 198.46 13.0 1.0 2418900000.0 -3371540000.0 -918981000.0 116.558 3.62031
5095.0 2.0 0.0 81718900.0 509.0 48557.23046185 51640.48922866 48107.50409961 -449.06 202.31 -430.67 7.11 5.37 5.20334 0.53371 0.19691 7.45 10.306659 11.23 0.07839 0.068256 0.9842 -0.1477 0.09795 0.67975 0.603369 -0.33782 -0.24784 0.907994 0.921138 0.111114 0.373039 -0.193345 0.962408 0.190758 195.77 13.0 1.0 5155880000.0 -3624120000.0 -1365200000.0 123.772 4.95219
5134.0 -1.0 0.0 80434500.0 501.0 48529.32601264 51694.80262381 48205.99257946 -270.23 482.83 -246.42 7.03 2.94 1.60769 0.16254 0.17287 8.94 10.025954 8.11 0.019161 0.020899 0.9781 -0.1919 -0.08039 0.803398 0.714453 0.593084 0.479236 -0.646981 0.167119 0.712788 0.681179 0.787606 -0.512119 0.342653 199.39 13.0 1.0 2643020000.0 -4998240000.0 -336442000.0 198.141 12.7234
5639.0 -1.0 0.0 60366000.0 376.0 48559.15798168 51636.96416115 48242.0105095 -405.69 268.89 -38.79 6.38 5.74 4.31056 0.45994 0.35116 6.47 9.205192 9.34 0.082704 0.059765 -0.1324 0.9519 0.2765 0.922316 0.700467 0.918548 0.027192 -0.394372 0.121602 0.929822 0.347338 0.376141 -0.367003 0.85078 199.52 12.0 1.0 2634190000.0 -1993260000.0 -1687680000.0 95.5224 3.25021
5818.0 2.0 0.0 54265200.0 338.0 48695.741483 51740.60375237 48123.22586529 -558.75 687.89 -33.28 6.16 5.78 1.9773 0.40309 0.13007 6.23 9.211171 8.53 0.051475 0.024377 -0.7838 5.795e-05 -0.621 0.672675 0.628837 0.892259 -0.433723 -0.125532 0.290222 0.337919 0.895311 0.345897 0.835281 -0.427388 199.51 12.0 1.0 1975130000.0 -1744670000.0 -1306950000.0 93.925 3.17261
5846.0 2.0 0.0 53623000.0 334.0 48592.85959073 51870.45371821 48058.25651894 -554.37 617.6 -436.03 6.13 3.79 2.63601 0.25259 0.29748 6.77 8.967232 10.64 0.082916 0.086246 -0.7432 0.5105 0.4325 0.716816 0.567678 0.421348 -0.178085 0.889242 0.092759 0.983851 0.15308 0.902143 -0.017985 -0.431063 199.9 12.0 1.0 3034970000.0 -1944270000.0 -654278000.0 106.36 6.41466
6009.0 2.0 0.0 48806600.0 304.0 48571.05064426 51794.74651814 48053.92762751 -542.74 562.7 153.71 5.97 3.48 4.97976 0.43222 0.39771 6.4 8.633621 9.58 0.036683 0.031333 0.6223 -0.2751 -0.7328 0.75815 0.637618 0.152151 0.04943 0.98712 0.819637 -0.564427 -0.098072 0.552309 0.824002 -0.126393 197.06 11.0 1.0 2240640000.0 -1614890000.0 -887651000.0 97.3025 5.59239
6082.0 -1.0 0.0 46719500.0 291.0 48524.57057027 51882.77111334 48145.71920563 -398.82 558.65 -3.8 5.86 4.72 2.64914 0.4375 0.59119 5.91 8.760354 8.67 0.086613 0.062549 -0.7887 0.1384 -0.599 0.781104 0.756727 0.759476 -0.506612 0.408094 0.637642 0.704006 -0.312711 -0.128877 0.497714 0.857713 199.28 11.0 1.0 1756880000.0 -1339450000.0 -1081010000.0 81.9322 3.048
6173.0 -1.0 0.0 44471800.0 277.0 48442.28250511 51670.44289786 48056.43487759 -319.88 552.57 -287.38 5.79 3.35 1.2437 0.16124 0.20947 6.33 8.200618 5.95 0.005365 0.005117 0.05547 -0.5407 0.8394 0.929681 0.865912 -0.116934 -0.089875 0.989065 0.953207 0.269405 0.137175 -0.278787 0.958824 0.054167 197.41 11.0 1.0 786247000.0 -1454690000.0 -156393000.0 107.39 6.32586
6253.0 -1.0 0.0 41903000.0 261.0 48650.53061475 51670.75348027 48002.68511506 -488.55 333.39 -392.56 5.65 3.92 1.80026 0.24106 0.28204 6.04 8.042392 8.41 0.104861 0.069773 0.3461 0.9278 -0.1396 0.887624 0.620973 -0.619091 0.782809 -0.062734 0.754776 0.57105 -0.322825 0.216886 0.247209 0.944377 199.39 11.0 1.0 1482080000.0 -1186440000.0 -775783000.0 85.3774 5.26334
6431.0 2.0 0.0 38049900.0 237.0 48534.17761305 51651.74990638 48126.5917293 -552.7 146.68 -354.62 5.57 4.21 3.88571 0.5294 0.43831 5.53 8.065832 8.68 0.051475 0.049242 0.645 -0.7579 0.09779 0.728813 0.660021 -0.188486 0.34232 0.920484 -0.663977 0.646184 -0.376272 0.723607 0.682102 -0.105496 189.82 11.0 1.0 1433290000.0 -921429000.0 -729269000.0 67.2018 3.45317
6448.0 2.0 0.0 37407700.0 233.0 48580.5532107 51738.38711702 48136.07037067 -91.45 508.29 -238.61 5.56 2.32 2.28549 0.13478 0.57197 6.68 7.664519 9.26 0.044213 0.030354 -0.5816 0.8099 0.07606 0.587301 0.518213 0.761089 0.480654 -0.435563 -0.345338 0.868675 0.355171 0.549076 -0.1199 0.827127 187.42 11.0 1.0 1603230000.0 -1348040000.0 -227013000.0 127.001 11.4378
6523.0 -1.0 0.0 35802200.0 223.0 48689.16143974 51629.69681952 48002.91475323 -627.06 559.97 -73.6 5.38 5.01 4.52719 0.23024 0.65438 5.44 7.795391 5.36 0.00441 0.003542 0.5819 -0.7454 0.3254 0.880883 0.821058 0.871541 -0.456012 0.18019 0.36103 0.845484 0.393465 -0.331772 -0.277867 0.901508 198.2 11.0 1.0 514910000.0 -845662000.0 -246215000.0 73.41 3.38004
6611.0 2.0 0.0 33875600.0 211.0 48605.74039037 51696.33936962 48087.86424414 -434.92 146.94 82.35 5.42 2.52 1.86416 0.25515 0.19394 6.38 7.498547 9.36 0.089533 0.08222 -0.9119 -0.3852 -0.1415 0.616844 0.494155 -0.068378 -0.083002 0.994201 0.056628 0.994604 0.086931 0.996051 -0.062244 0.063309 182.78 10.0 1.0 1484870000.0 -1101080000.0 -204947000.0 101.615 11.0334
6620.0 -1.0 0.0 33715100.0 210.0 48731.72162157 51856.18816 48066.35352698 -469.66 357.49 -226.89 5.26 2.62 5.13552 0.49324 0.32349 5.44 7.94346 9.67 0.073192 0.089872 -0.06645 0.3387 0.9386 0.882474 0.845911 0.628671 0.135356 0.765801 0.759698 0.103594 -0.641971 -0.166227 0.985366 -0.037704 199.1 10.0 1.0 1575880000.0 -875423000.0 -469196000.0 75.4795 4.09188
6631.0 -1.0 0.0 33554500.0 209.0 48569.87969672 51766.82759684 48277.3754825 -387.9 280.59 -379.11 5.29 2.28 0.98232 0.45841 0.2318 5.93 7.506658 5.24 0.025031 0.02611 -0.983 0.04349 0.1782 0.926616 0.816482 0.730506 -0.166199 -0.662374 0.67337 0.336831 0.658117 -0.113729 0.926781 -0.35797 195.32 10.0 1.0 459918000.0 -958187000.0 -106989000.0 85.9729 7.49434
6777.0 -1.0 0.0 30183000.0 188.0 48588.21070338 51616.77598953 48183.24507719 -449.55 295.95 -63.06 5.08 3.48 2.95116 0.49423 0.35162 5.27 7.318998 8.04 0.129781 0.119382 -0.7555 0.4788 0.4471 0.836504 0.615896 0.277914 0.960052 -0.032627 0.873065 -0.266608 -0.408263 0.400652 -0.084977 0.912281 197.95 10.0 1.0 975284000.0 -649027000.0 -527183000.0 61.2319 4.3493
6893.0 -1.0 0.0 27453700.0 171.0 48582.43322469 51702.29687923 48230.04300517 -438.92 493.29 12.01 4.94 2.85 1.62149 0.30805 0.28956 5.14 7.02955 7.43 0.135939 0.094962 -0.8992 0.4365 -0.03117 0.616855 0.554168 0.298619 0.954317 0.010269 -0.275416 0.075869 0.958327 0.913769 -0.289003 0.28549 195.86 10.0 1.0 757652000.0 -597556000.0 -475790000.0 66.3677 4.64403
6978.0 2.0 0.0 25687700.0 160.0 48624.13665073 51840.10006487 48201.93058501 -495.68 400.82 -432.82 4.86 2.3 2.11089 0.23214 0.1606 5.8 6.826202 5.33 0.013371 0.013159 0.5999 0.4775 0.642 0.801627 0.670121 0.018 0.133885 0.990833 0.816106 0.570545 -0.09192 -0.577621 0.81028 -0.098995 192.87 10.0 1.0 365445000.0 -648433000.0 -77594900.0 75.215 10.4603
7055.0 -1.0 0.0 24242700.0 151.0 48737.86830902 51636.58752441 48079.49266434 -630.51 475.53 -91.3 4.86 1.93 1.25916 0.10188 0.23455 5.55 6.550792 4.87 0.042918 0.045528 0.5202 0.7225 0.4554 0.841863 0.81563 -0.255829 -0.315824 0.913677 -0.490094 0.857041 0.159021 0.833282 0.407106 0.37404 181.75 10.0 1.0 287140000.0 -579808000.0 -36310900.0 85.4588 9.77608
7095.0 -1.0 0.0 23440000.0 146.0 48685.51740038 51938.01208546 48075.20367597 -460.13 577.22 -177.18 4.68 4.11 1.59236 0.66003 0.22478 4.65 6.728503 7.07 0.06189 0.055245 0.885 -0.3322 0.3263 0.816671 0.66342 0.629054 0.305723 -0.71472 0.77524 -0.178846 0.605819 -0.057388 0.935172 0.349513 196.4 9.0 1.0 586142000.0 -385093000.0 -351972000.0 44.1522 2.61897
7165.0 -1.0 0.0 22316200.0 139.0 48531.25129427 51665.33092658 48222.29955878 -605.15 270.36 -207.05 4.66 4.42 4.00808 0.37524 0.66809 4.58 6.804802 6.35 0.058598 0.034174 -0.4769 -0.8773 0.05365 0.888371 0.650713 -0.490187 0.678599 -0.54701 -0.432549 0.355458 0.828584 0.756715 0.64277 0.119286 189.32 9.0 1.0 449930000.0 -371819000.0 -485935000.0 53.4459 2.96742
7176.0 2.0 0.0 22155600.0 138.0 48607.00281366 51724.22618147 48011.80998957 -476.92 672.01 -134.74 4.6 2.48 1.82199 0.52285 0.34907 5.03 6.727188 5.55 0.025841 0.017204 0.5604 0.8173 -0.1342 0.914468 0.687084 0.79792 -0.091149 -0.595832 0.488361 0.677167 0.550407 -0.353308 0.730162 -0.584839 195.25 9.0 1.0 341290000.0 -442899000.0 -154616000.0 55.3282 6.50046
7193.0 -1.0 0.0 21834500.0 136.0 48647.03765937 51755.63795226 48261.28304005 -496.71 329.55 -420.65 4.56 3.57 2.41414 0.55108 0.48643 4.64 6.554039 4.44 0.049947 0.040169 0.2207 0.8063 0.5487 0.93033 0.84969 0.740182 -0.169522 -0.650686 0.55044 -0.403033 0.73115 0.386194 0.899348 0.205006 197.83 9.0 1.0 215001000.0 -360349000.0 -102838000.0 46.1614 3.55912
7334.0 2.0 0.0 19426300.0 121.0 48629.3858952 51732.18929105 48100.5690164 -649.73 76.01 -26.44 5.2 1.74 1.28248 0.23242 0.27424 5.49 5.747978 7.99 0.055834 0.054392 -0.1878 -0.04816 -0.981 0.512833 0.460838 0.772294 0.461338 -0.436726 -0.506908 0.861885 0.014055 0.382892 0.210525 0.899485 118.7 9.0 1.0 620619000.0 -472577000.0 -10951400.0 80.1383 16.8078
7352.0 2.0 0.0 19105200.0 119.0 48501.20317191 51724.07746315 48134.83092934 -697.47 495.4 -56.49 4.36 3.42 2.75938 0.22249 0.25492 4.49 6.41134 7.31 0.140216 0.145926 -0.523 0.174 -0.8344 0.647882 0.57756 -0.257771 0.938168 0.231075 0.865182 0.117655 0.487459 -0.430132 -0.325575 0.842014 198.92 9.0 1.0 511005000.0 -315810000.0 -288007000.0 54.1234 4.0292
7495.0 -1.0 0.0 16857500.0 105.0 48726.34939353 51801.62262917 48127.93179353 -288.19 395.42 -114.39 4.32 2.42 0.78222 0.57847 0.36492 4.59 5.943264 6.97 0.061061 0.058086 0.4682 -0.8168 0.3369 0.976089 0.648065 -0.337965 0.031928 0.940617 0.156013 0.987498 0.022536 0.928138 -0.154365 0.338721 179.43 9.0 1.0 409382000.0 -281478000.0 -110310000.0 46.2715 7.03023
7516.0 -1.0 0.0 16375900.0 102.0 48708.03289943 51634.88012773 48148.30201643 -645.39 596.24 -170.08 4.19 3.66 2.445 0.0578 0.49235 4.19 5.854964 5.09 0.023302 0.004815 -0.4531 -0.6048 -0.6549 0.846936 0.700027 -0.259305 0.074503 0.962918 0.767327 -0.589558 0.25225 0.586489 0.804283 0.095707 190.88 8.0 1.0 212362000.0 -218232000.0 -105978000.0 91.9283 3.55987
7737.0 -1.0 0.0 13004400.0 81.0 48678.5920433 51670.27138209 47993.72517447 -649.55 623.97 -192.03 3.92 3.72 3.55312 0.61336 0.56586 3.83 5.344784 4.26 0.051707 0.013512 0.06854 -0.8418 0.5354 0.894837 0.801022 0.318168 -0.340007 0.884966 -0.503281 0.7305 0.461604 0.803416 0.592254 -0.061303 186.33 8.0 1.0 118266000.0 -124608000.0 -97401400.0 26.7972 3.18754
7796.0 -1.0 0.0 12362200.0 77.0 48517.74713024 51894.58411187 48085.49741283 -560.35 555.86 -345.83 3.81 2.92 0.9243 0.3511 0.72491 4.04 5.348136 5.55 0.139874 0.090937 -0.8022 -0.5874 -0.107 0.715759 0.541562 -0.55034 0.037623 0.834093 0.675925 0.606533 0.418621 -0.490155 0.794168 -0.359229 191.73 8.0 1.0 190369000.0 -153946000.0 -62689400.0 39.0333 5.67223
7803.0 -1.0 0.0 12201600.0 76.0 48548.61711431 51916.04812054 47983.78990904 -458.08 431.14 -324.45 3.74 3.61 2.48937 0.39545 0.604 3.76 6.213484 5.36 0.167164 0.09131 0.5508 -0.8194 -0.1585 0.937229 0.806262 -0.290307 0.889859 0.351954 0.594859 -0.120282 0.79478 0.749576 0.440093 -0.494422 199.9 8.0 1.0 175158000.0 -149649000.0 -150911000.0 33.6624 2.77417
7910.0 2.0 0.0 10596200.0 66.0 48548.51466889 51809.72445719 47984.03504756 -228.43 340.09 -355.97 3.58 3.49 2.95767 0.78395 0.42996 3.59 5.751857 4.94 0.069831 0.038141 0.03662 -0.3411 -0.9393 0.724347 0.559527 0.89712 -0.38962 0.208257 -0.382042 -0.447471 0.808587 0.221853 0.804963 0.550287 198.56 7.0 1.0 129258000.0 -109141000.0 -161236000.0 25.9981 2.7764
7972.0 2.0 0.0 9472330.0 59.0 48522.49028574 51790.12445093 48102.75785796 -637.78 625.66 -371.88 3.54 2.06 1.28371 0.11886 0.3358 3.89 5.065056 6.22 0.02892 0.033577 0.9353 0.07305 -0.3461 0.605246 0.386626 -0.074681 -0.679572 0.729798 0.907219 -0.350115 -0.233182 0.413977 0.644672 0.642667 183.68 7.0 1.0 183481000.0 -110008000.0 -19543400.0 45.1309 7.88906
8152.0 -1.0 0.0 7385210.0 46.0 48653.06215361 51867.4237188 48017.09123421 -207.39 466.13 -218.95 3.18 3.13 1.54057 0.81217 0.53209 3.15 5.063201 4.65 0.075732 0.057465 0.5099 0.8407 0.1824 0.860945 0.652901 0.961079 -0.253976 0.108738 -0.141316 -0.113718 0.983411 0.237397 0.960502 0.145183 197.3 6.0 1.0 79919500.0 -58692800.0 -88221700.0 20.1324 -1.0
8209.0 2.0 0.0 6743010.0 42.0 48550.9831508 51691.89635913 48071.65014744 -554.06 163.71 -381.19 2.91 1.29 1.26412 0.35778 0.41264 3.87 4.54035 5.76 0.091023 0.09862 0.1963 -0.6689 0.717 0.929661 0.647472 0.006109 -0.2894 0.957189 -0.543061 0.802794 0.246186 0.839671 0.521316 0.152258 234.53 6.0 1.0 111968000.0 -72573900.0 -16213500.0 30.732 10.8938
8365.0 -1.0 0.0 5298080.0 33.0 48577.16314304 51892.78700413 48163.23225315 -752.43 441.6 -142.56 2.87 2.75 2.1485 0.23883 0.65467 2.83 4.471376 3.77 0.040663 0.017154 -0.145 0.987 -0.06989 0.728649 0.68044 0.994266 0.095557 0.047995 -0.095087 0.584743 0.805627 -0.048918 0.805571 -0.590476 193.49 5.0 1.0 37588900.0 -33841300.0 -30964300.0 21.1876 2.76074
8372.0 -1.0 0.0 5298080.0 33.0 48476.93675094 51734.87455126 48236.10172385 -391.65 492.94 -337.45 2.85 2.23 1.19513 0.34423 0.46048 3.0 4.30902 2.58 0.055584 0.056512 0.551 0.8 -0.2376 0.822705 0.795564 0.607521 0.442274 -0.659781 0.067493 0.798894 0.597673 -0.791431 0.40763 -0.455495 196.46 5.0 1.0 17570100.0 -39447000.0 -5362350.0 22.5997 4.97308
8382.0 -1.0 0.0 5137530.0 32.0 48587.36562101 51812.30372504 48273.00942258 -381.51 344.82 -0.91 2.95 2.73 2.10405 0.34344 0.18022 2.76 4.579149 4.29 0.03451 0.026758 -0.2215 0.6085 0.762 0.753715 0.609959 0.907897 0.418765 -0.018949 -0.363563 0.809109 0.461697 0.208675 -0.412284 0.886835 171.37 5.0 1.0 47209300.0 -35659600.0 -44374100.0 19.899 2.92862
8496.0 2.0 0.0 4334790.0 27.0 48555.65180381 51740.39829345 48181.12346388 -507.07 62.07 -314.68 2.66 1.43 1.40726 0.42325 0.53824 2.86 6.539375 6.58 0.206027 0.323037 -0.6262 0.1526 0.7646 0.907499 0.727681 -0.518226 0.52379 -0.676082 -0.074946 0.759659 0.645988 0.851954 0.385437 -0.354419 199.03 5.0 1.0 93793700.0 -56391700.0 -24049800.0 31.6833 5.67223
8547.0 -1.0 0.0 4013700.0 25.0 48627.14457896 51567.74617011 48104.40237484 -596.86 603.52 -326.57 2.53 2.36 2.26319 0.84615 0.53095 2.65 3.76127 3.28 0.041 0.014965 -0.8516 0.5013 -0.1534 0.82801 0.644327 0.65002 0.732725 0.201464 0.63991 -0.670771 0.374942 -0.409865 0.114801 0.904893 212.05 5.0 1.0 21639900.0 -19819000.0 -21131100.0 13.117 3.25544
