#ID(1) hostHalo(2) numSubStruct(3) Mvir(4) npart(5) Xc(6) Yc(7) Zc(8) VXc(9) VYc(10) VZc(11) Rvir(12) Rmax(13) r2(14) mbp_offset(15) com_offset(16) Vmax(17) v_esc(18) sigV(19) lambda(20) lambdaE(21) Lx(22) Ly(23) Lz(24) b(25) c(26) Eax(27) Eay(28) Eaz(29) Ebx(30) Eby(31) Ebz(32) Ecx(33) Ecy(34) Ecz(35) ovdens(36) nbins(37) fMhires(38) Ekin(39) Epot(40) SurfP(41) Phi0(42) cNFW(43)
1.0 -1.0 45.0 683994000000.0 4260370.0 51147.14128303 48466.2407784 45726.65642251 -329.77 324.69 -213.57 143.28 29.58 0.5907 0.03553 0.64993 169.39 202.633008 172.71 0.032889 0.033058 0.2462 -0.6622 -0.7077 0.836299 0.824341 -0.114786 -0.129215 0.984951 -0.677893 0.734955 0.017417 0.726144 0.665692 0.171957 200.0 37.0 1.0 1.02013e+16 -1.72946e+16 -1829590000000000.0 124883.0 9.17692
388.0 1.0 0.0 3027770000.0 18859.0 51111.09063141 48494.06140191 45754.25118656 -476.02 550.33 -175.33 23.55 4.68 2.04488 0.01994 0.79748 34.83 33.347232 47.1 0.058387 0.029548 -0.7484 -0.5157 -0.417 0.694349 0.516478 -0.209867 0.924322 -0.318725 -0.655415 0.108899 0.747377 0.725525 0.365746 0.58296 199.32 23.0 1.0 3357760000000.0 -3143410000000.0 -210420000000.0 4536.27 22.2257
404.0 1.0 0.0 2851490000.0 17761.0 51191.52621182 48507.3582261 45621.22491257 -370.7 268.09 -142.52 23.06 3.29 5.1921 0.04764 0.13116 38.45 33.014067 35.6 0.009862 0.014117 -0.2382 -0.3741 0.8963 0.786203 0.731565 -0.386444 -0.506821 0.770579 0.542773 -0.800463 -0.254277 0.745693 0.319986 0.584423 199.94 22.0 1.0 1807230000000.0 -3360590000000.0 -189077000000.0 4966.16 32.839
419.0 1.0 1.0 2686290000.0 16732.0 51153.29932729 48534.38273209 45688.99045297 -145.53 334.0 -58.04 22.61 5.25 1.09412 0.07633 0.19406 27.66 33.407587 30.61 0.049527 0.046338 0.9884 -0.07908 -0.1299 0.69886 0.688413 0.748505 -0.447978 0.488934 -0.505232 0.092309 0.858032 0.429513 0.889266 0.15724 199.92 22.0 1.0 1258330000000.0 -1859090000000.0 -388204000000.0 2928.25 10.72
463.0 -1.0 2.0 2447070000.0 15242.0 51023.57022259 48451.40503634 45598.91889402 -228.85 302.14 -207.69 21.91 2.79 7.9971 0.0745 0.14196 36.24 31.205377 33.36 0.005614 0.008195 -0.215 0.9681 0.1288 0.887565 0.816129 0.841228 0.087464 0.533559 -0.517679 0.415066 0.74815 0.156026 0.905577 -0.394443 199.99 22.0 1.0 1361400000000.0 -2613260000000.0 -96592400000.0 4638.34 31.9913
516.0 1.0 0.0 2192440000.0 13656.0 51125.45971298 48363.1554413 45752.08948131 -345.63 335.6 -201.25 21.13 2.39 1.28601 0.07987 0.28666 38.18 30.924305 33.87 0.013093 0.019901 0.7511 -0.2897 0.5932 0.758782 0.704396 0.293926 0.949632 -0.108655 0.887937 -0.313356 -0.336712 0.3538 -0.002489 0.935318 199.96 22.0 1.0 1257620000000.0 -2387890000000.0 -238459000000.0 4762.54 42.1786
646.0 1.0 0.0 1678050000.0 10452.0 51143.48561906 48486.61631791 45697.37232332 -322.98 219.65 0.62 17.84 2.43 1.00497 0.02763 0.05966 36.76 28.44298 35.11 0.009654 0.014423 0.6419 0.7634 0.07146 0.724544 0.677191 0.104396 -0.558557 0.822871 -0.666804 0.574564 0.474605 0.737885 0.59824 0.312465 254.04 21.0 1.0 1034270000000.0 -1791740000000.0 -75483700000.0 4273.22 43.6314
794.0 1.0 0.0 1304450000.0 8125.0 51212.4828063 48586.97310556 45784.49407127 -304.51 365.88 -220.9 17.77 2.04 0.52196 0.04191 0.28234 31.11 25.435946 27.3 0.026074 0.039476 0.5737 0.7892 0.2192 0.794287 0.771602 0.54183 0.795741 0.270587 -0.036346 -0.299456 0.953417 0.839702 -0.526424 -0.133333 199.98 20.0 1.0 486119000000.0 -958108000000.0 -53318400000.0 3037.07 38.2471
874.0 -1.0 0.0 1140370000.0 7103.0 51208.01103925 48515.48955278 45907.64242469 -310.07 277.77 -112.18 16.99 4.73 7.18736 0.1364 0.43025 19.1 24.632366 21.55 0.030221 0.023239 0.5199 -0.8391 0.1602 0.847993 0.781012 0.466153 0.343537 0.815282 0.163623 0.872155 -0.461056 0.869442 -0.348321 -0.350347 199.9 20.0 1.0 264845000000.0 -362154000000.0 -172052000000.0 1301.58 7.12723
896.0 -1.0 0.0 1097180000.0 6834.0 51092.02796785 48472.95626139 45578.62154557 -263.95 236.24 -148.16 16.78 2.8 2.00842 0.09248 0.12246 25.08 23.837311 23.11 0.016356 0.022108 -0.7001 0.7135 -0.02686 0.848277 0.830098 0.463836 -0.223883 0.857166 0.724327 0.652937 -0.221413 0.510105 -0.723567 -0.46502 199.92 20.0 1.0 292993000000.0 -574913000000.0 -19215700000.0 2159.07 22.9748
987.0 1.0 0.0 975810000.0 6078.0 51187.92965442 48415.27233144 45728.26652336 -316.14 406.11 -3.25 16.13 2.33 1.73724 0.11873 0.1843 25.76 23.201174 24.49 0.013909 0.018763 -0.8902 0.1107 0.442 0.788356 0.720113 -0.262039 0.7237 0.638431 0.821588 -0.179771 0.540995 0.506289 0.666289 -0.547476 199.87 19.0 1.0 292540000000.0 -523494000000.0 -31246400000.0 2116.07 28.6083
1071.0 -1.0 0.0 882532000.0 5497.0 51274.43134785 48576.44905647 45659.64664732 -206.77 333.76 -243.46 15.61 4.29 12.40153 0.1665 0.07742 18.02 22.380055 19.52 0.025075 0.021831 0.1554 -0.5703 -0.8066 0.773865 0.694224 0.467789 0.837065 -0.283718 0.881907 -0.463283 0.087232 0.058423 0.291019 0.954932 199.73 19.0 1.0 168056000000.0 -249403000000.0 -89500200000.0 1183.34 8.22035
1587.0 1.0 0.0 546826000.0 3406.0 51244.40251997 48546.26210504 45662.25864385 -257.51 339.26 -202.6 13.32 2.39 3.0308 0.02918 0.28512 18.75 19.459862 17.95 0.027812 0.031232 -0.2075 0.1119 0.9718 0.763307 0.748591 0.735307 0.66211 -0.144685 -0.465032 0.648204 0.602973 0.49302 -0.376087 0.784531 199.01 18.0 1.0 88143000000.0 -149017000000.0 -32571500000.0 1142.11 18.7561
1602.0 463.0 0.0 541047000.0 3370.0 51000.82862072 48436.13375456 45598.06264364 -242.3 461.64 -179.96 13.26 3.38 1.55506 0.10484 0.3906 15.62 18.904106 15.36 0.014615 0.014852 0.8613 -0.4957 -0.1114 0.928405 0.832945 0.489217 0.581257 0.650236 -0.492438 -0.431249 0.755996 0.719841 -0.690047 0.075258 199.69 18.0 1.0 63816500000.0 -112844000000.0 -15472800000.0 823.184 9.06201
1663.0 1.0 0.0 516322000.0 3216.0 51164.5413813 48491.03709024 45707.65508808 -417.17 406.83 -460.39 11.6 1.89 1.23683 0.09138 0.03734 24.23 19.584026 24.74 0.040485 0.053014 -0.6007 0.4763 0.6421 0.717993 0.576937 0.735435 0.232479 0.636466 -0.410024 -0.595127 0.691161 -0.539459 0.769271 0.342355 284.73 18.0 1.0 158001000000.0 -242761000000.0 -2950510000.0 1684.85 38.262
1674.0 463.0 0.0 511506000.0 3186.0 51014.76087614 48476.06025636 45592.05567947 -268.66 255.36 -259.19 13.06 3.28 1.66281 0.23643 0.05152 16.87 18.440265 16.33 0.003968 0.004351 -0.2784 -0.9383 -0.205 0.930718 0.896991 0.800246 -0.069324 0.595651 -0.300451 0.81328 0.498303 -0.518976 -0.577729 0.629995 197.42 18.0 1.0 68217600000.0 -120017000000.0 -12719000000.0 825.125 13.7889
1744.0 -1.0 0.0 479236000.0 2985.0 51038.67578437 48566.24293603 45610.54794126 -162.5 325.64 -209.6 12.73 4.16 3.04846 0.05098 0.06411 15.08 18.148109 14.62 0.031494 0.032462 0.8881 0.3189 0.3311 0.929942 0.84382 0.598792 -0.719032 0.352763 0.775452 0.410338 -0.479893 0.200306 0.560907 0.803281 199.87 18.0 1.0 51249000000.0 -92468700000.0 -12449300000.0 776.894 9.27094
1834.0 1.0 0.0 445681000.0 2776.0 51139.3810716 48328.2982091 45741.1248433 -372.12 497.86 -294.21 12.42 6.66 3.89146 0.07327 0.2123 13.21 18.031268 13.74 0.062626 0.057078 -0.184 0.9423 -0.2798 0.978683 0.928268 0.248962 0.941623 -0.226636 -0.12465 0.26321 0.956652 0.960458 -0.20992 0.182903 199.96 17.0 1.0 42081000000.0 -70641900000.0 -14798700000.0 583.997 5.06188
1916.0 -1.0 0.0 419191000.0 2611.0 50993.58022213 48569.22835112 45652.15140581 -168.01 322.21 -233.67 12.18 3.31 3.16803 0.08526 0.25941 14.44 17.28359 13.78 0.009079 0.009456 0.627 -0.7161 -0.3068 0.829364 0.71911 0.996711 -0.027393 0.076267 -0.080627 -0.240646 0.967258 0.008142 0.970226 0.242063 199.33 17.0 1.0 39782400000.0 -73427100000.0 -8881340000.0 716.292 9.34854
2142.0 1.0 0.0 364765000.0 2272.0 51166.2424746 48399.58278906 45597.11814636 -353.66 223.84 -344.59 11.63 4.6 3.22696 0.18576 0.31875 12.31 16.795624 16.44 0.066837 0.018285 -0.4349 0.5384 -0.7217 0.844614 0.748759 -0.455918 0.161178 0.875306 0.578696 -0.693514 0.429127 0.676203 0.702182 0.222913 199.46 17.0 1.0 49269100000.0 -51110400000.0 -32509400000.0 529.045 4.93951
2181.0 1.0 0.0 357861000.0 2229.0 51201.04002149 48453.02875122 45789.47759746 -399.86 240.94 -428.2 11.56 2.63 4.61428 0.05377 0.09826 15.05 17.17791 14.95 0.025491 0.028851 0.784 -0.4855 0.3869 0.868621 0.835744 0.495254 0.046566 0.867499 0.812284 -0.378944 -0.443391 0.308087 0.924247 -0.225498 199.31 17.0 1.0 39974900000.0 -70492000000.0 -7689470000.0 797.371 13.959
2233.0 -1.0 0.0 347747000.0 2166.0 51324.63762635 48544.76694998 45689.02069801 -238.87 337.5 -200.47 11.45 2.76 0.93736 0.13878 0.40738 16.47 16.226806 15.04 0.010462 0.012437 0.3037 -0.4514 0.8391 0.825009 0.756727 0.913838 0.360578 0.186772 -0.250314 0.862352 -0.440104 -0.319755 0.355432 0.878308 199.37 17.0 1.0 39325400000.0 -71427000000.0 -10177200000.0 763.132 20.2043
2320.0 -1.0 0.0 330889000.0 2061.0 51259.65042419 48402.83956008 45620.77885979 -238.68 248.78 -281.08 11.26 2.13 11.11845 0.09182 0.49541 12.15 16.562527 15.28 0.008414 0.00418 -0.1683 -0.8746 0.4546 0.769518 0.708801 0.76204 -0.488285 -0.425292 -0.03553 -0.687331 0.725475 0.646555 0.53773 0.541123 199.25 17.0 1.0 38623300000.0 -43782000000.0 -28321900000.0 536.683 5.6685
2368.0 419.0 0.0 323344000.0 2014.0 51163.33421456 48535.417005 45698.58354181 -140.37 470.09 -217.56 6.95 4.29 5.82779 0.15925 0.06138 14.75 20.019673 19.25 0.047634 0.007767 -0.8779 -0.06639 -0.4742 0.828368 0.778521 0.669153 -0.434528 0.602843 0.516246 0.855335 0.043493 -0.534532 0.282112 0.796673 827.73 16.0 1.0 59911500000.0 -60771200000.0 -28908500000.0 629.463 4.34781
2613.0 -1.0 0.0 280638000.0 1748.0 51170.7232597 48553.96920493 45878.78254144 -412.42 366.16 -95.81 10.65 2.74 8.71907 0.25654 0.1071 12.75 15.62036 12.58 0.017615 0.017868 -0.2172 -0.225 -0.9499 0.898595 0.828144 0.426316 0.630467 0.648665 -0.904541 0.303296 0.299695 -0.00779 -0.714509 0.699583 199.78 16.0 1.0 22209000000.0 -38569600000.0 -9137820000.0 501.892 9.73281
2665.0 1.0 0.0 272771000.0 1699.0 51227.84476006 48528.81483071 45753.01351035 -245.33 225.41 -54.06 10.61 4.84 9.86507 0.18852 0.28362 11.87 15.303485 13.25 0.060519 0.04687 0.3011 -0.2728 -0.9137 0.774077 0.666402 0.38484 0.885433 -0.260588 0.47063 0.054625 0.880638 0.793981 -0.461545 -0.39569 196.36 16.0 1.0 23944300000.0 -32987700000.0 -9853560000.0 399.205 7.29736
2859.0 -1.0 0.0 244836000.0 1525.0 51118.44066769 48569.17520459 45557.24936398 -367.28 400.1 -187.36 10.17 3.14 2.74887 0.12099 0.09292 12.55 14.509466 11.6 0.017712 0.019356 -0.7811 -0.3802 0.4953 0.966433 0.812574 -0.215739 0.841396 -0.495489 0.086528 0.521916 0.848597 0.97261 0.140202 -0.185402 199.97 16.0 1.0 16483500000.0 -31614000000.0 -4159820000.0 463.666 11.093
2861.0 1.0 0.0 244675000.0 1524.0 51251.9410487 48491.46507429 45693.87978382 -255.87 357.96 -176.36 10.18 7.02 2.89654 0.27617 0.15887 10.78 14.864834 14.11 0.020336 0.00302 0.7606 0.4265 0.4895 0.726025 0.693141 0.933672 0.138378 -0.330314 0.356132 -0.261493 0.897102 -0.037764 0.955234 0.29343 199.5 16.0 1.0 24348700000.0 -24627600000.0 -12922600000.0 337.634 4.95742
2889.0 1.0 0.0 241625000.0 1505.0 51163.40029671 48432.01998726 45634.56564304 -353.82 108.6 -266.34 10.15 4.88 3.36417 0.22784 0.39676 11.19 15.177031 14.66 0.042903 0.015692 -0.9877 -0.1156 -0.1051 0.77077 0.634767 0.291472 0.673044 -0.679747 -0.157817 0.734698 0.659782 0.943471 -0.085032 0.320362 198.92 16.0 1.0 25976100000.0 -27631300000.0 -10250100000.0 380.618 6.48703
3076.0 -1.0 0.0 219308000.0 1366.0 51130.94185562 48635.50597927 45828.09343171 -332.69 421.0 -275.08 9.84 2.56 1.11254 0.08386 0.10884 11.98 14.011108 11.93 0.019359 0.01896 0.2308 -0.1347 -0.9636 0.902452 0.823607 -0.063808 0.934988 0.348893 -0.016316 -0.350536 0.936407 0.997829 0.054058 0.037622 198.13 15.0 1.0 15608900000.0 -25693100000.0 -5334870000.0 460.964 10.7319
3233.0 1.0 0.0 204538000.0 1274.0 51213.74245866 48383.96636331 45659.14656034 -392.07 392.73 -267.55 9.61 2.42 1.53523 0.25952 0.25419 13.47 13.609174 12.15 0.012135 0.014696 0.3576 -0.309 0.8813 0.831947 0.783638 0.812968 -0.546856 -0.20008 0.420978 0.314556 0.850783 0.402319 0.775889 -0.485938 198.32 15.0 1.0 15088000000.0 -28819400000.0 -1887850000.0 442.031 18.58
3322.0 -1.0 0.0 196029000.0 1221.0 51056.53734898 48591.16455348 45702.41150761 -373.02 343.84 -163.81 9.45 2.35 1.85114 0.15769 0.17867 14.24 13.433727 12.47 0.007699 0.009979 0.4669 0.1896 0.8637 0.805135 0.708796 -0.606974 0.78996 -0.086865 -0.234359 -0.073479 0.969369 0.759381 0.608739 0.229735 199.74 15.0 1.0 15250500000.0 -29937500000.0 -2289000000.0 524.077 23.6247
3660.0 1.0 0.0 165846000.0 1033.0 51217.86606312 48477.25024819 45709.5977664 -185.9 343.24 -22.73 8.95 3.63 3.23425 0.06262 0.17668 10.42 13.016252 13.85 0.068615 0.024271 0.4461 -0.8569 -0.2584 0.65898 0.504942 -0.17451 0.033765 0.984076 0.984304 0.032683 0.173429 -0.026307 0.998895 -0.038938 199.21 15.0 1.0 15909000000.0 -15081800000.0 -4602400000.0 314.375 8.62551
3767.0 1.0 0.0 157498000.0 981.0 51128.31892212 48445.2450536 45848.86653719 -266.34 313.9 -40.71 8.81 8.22 4.90831 0.35951 0.29895 8.88 13.410283 13.34 0.121711 0.087549 -0.3013 0.9308 0.2071 0.915052 0.701462 0.698964 0.706127 -0.113283 0.632621 -0.684365 -0.36254 0.333527 -0.181737 0.925058 197.99 15.0 1.0 14012100000.0 -10880100000.0 -9578400000.0 202.571 3.20097
4046.0 -1.0 0.0 138232000.0 861.0 51318.32882762 48446.31371754 45641.37139491 -469.74 347.63 -129.41 8.42 4.38 2.61906 0.20946 0.52505 9.0 11.979616 9.2 0.02478 0.021149 -0.3799 -0.5246 0.7619 0.936174 0.908556 0.760023 -0.600637 0.248194 -0.402583 -0.135315 0.905327 0.510189 0.787988 0.344648 199.06 14.0 1.0 5854770000.0 -9408590000.0 -2300330000.0 230.219 5.34765
4138.0 1.0 0.0 131328000.0 818.0 51271.96217527 48444.47613353 45777.90166039 -352.04 256.58 -307.86 8.32 2.45 2.72294 0.15757 0.16389 11.98 11.665281 10.67 0.01099 0.014248 0.1976 0.5191 -0.8316 0.859293 0.796171 0.783077 0.03558 0.620906 -0.455488 0.712586 0.533622 0.423463 0.700682 -0.574216 196.06 14.0 1.0 7468890000.0 -14959400000.0 -479533000.0 379.358 20.8237
4169.0 1.0 0.0 129723000.0 808.0 51180.86080764 48475.42806979 45752.63937955 -261.88 187.77 -49.94 8.41 2.22 1.39079 0.12346 0.10988 13.31 12.050404 14.39 0.061389 0.065095 0.4794 -0.4846 -0.7317 0.648017 0.54627 0.483368 0.867258 -0.119247 0.668469 -0.277705 0.689949 0.565248 -0.413212 -0.713969 187.48 14.0 1.0 13431300000.0 -18268400000.0 -366772000.0 441.132 30.7669
4315.0 -1.0 0.0 120572000.0 751.0 51300.10693739 48364.2213968 45732.1197637 -410.97 309.24 -225.83 8.08 2.46 1.11392 0.17414 0.14884 10.86 11.370655 9.92 0.010309 0.011993 -0.03641 0.9344 0.3544 0.973535 0.928932 0.95934 0.076478 0.271694 -0.117662 0.983324 0.13867 -0.256558 -0.165 0.952341 196.36 14.0 1.0 5935190000.0 -11168700000.0 -696390000.0 306.28 16.205
4623.0 -1.0 0.0 104998000.0 654.0 51171.44219263 48486.77684978 45896.33828607 -349.16 338.11 -165.31 7.71 2.0 1.33305 0.17265 0.21216 10.24 11.30242 8.92 0.019454 0.023071 0.03483 0.8805 0.4727 0.763425 0.667961 0.133736 0.088404 0.987066 -0.255866 0.965324 -0.05179 0.957417 0.245631 -0.151718 197.35 13.0 1.0 4175670000.0 -8502170000.0 -1235030000.0 291.628 15.3819
4630.0 -1.0 0.0 104677000.0 652.0 50977.59936947 48425.83053263 45703.92418698 -387.34 306.9 -334.98 7.7 5.46 6.00851 0.16025 0.16267 7.86 10.966797 8.41 0.008497 0.006163 0.9731 -0.1908 -0.1292 0.83583 0.791651 0.996134 0.038986 0.078717 -0.012628 0.950365 -0.310879 -0.08693 0.308684 0.947184 197.1 13.0 1.0 3704660000.0 -5314430000.0 -2304970000.0 162.024 3.79714
4723.0 -1.0 0.0 100342000.0 625.0 51314.8247042 48422.61437447 45642.31797572 -467.43 339.98 -121.0 7.57 7.47 2.8452 0.41198 0.35032 7.56 10.943868 8.18 0.040859 0.024649 0.559 0.3907 -0.7313 0.893832 0.841383 0.928744 -0.128192 -0.347854 0.231568 0.933344 0.27431 0.289503 -0.335315 0.896522 198.9 13.0 1.0 3357430000.0 -4398230000.0 -2141830000.0 127.889 2.46227
4789.0 1.0 0.0 96810400.0 603.0 51072.35149132 48427.89646145 45724.39485385 -220.56 368.66 -162.33 7.47 2.64 0.46033 0.15505 0.18921 10.61 10.789263 9.42 0.016073 0.020117 -0.04448 -0.9863 -0.1587 0.862614 0.790472 0.889908 0.441809 0.113438 -0.066975 -0.119438 0.99058 -0.451196 0.889123 0.076698 199.85 13.0 1.0 4292890000.0 -8519890000.0 -537904000.0 274.225 19.2299
4857.0 1.0 0.0 92957300.0 579.0 51181.54715813 48408.64557176 45685.3422618 -337.66 420.79 -227.84 7.37 1.64 0.60822 0.10308 0.20233 10.62 11.249191 10.06 0.03236 0.036214 -0.8924 0.1612 -0.4215 0.692063 0.657333 -0.393951 0.708656 0.585329 -0.257916 -0.696473 0.66963 0.882203 0.112835 0.45715 199.69 13.0 1.0 4705230000.0 -7862370000.0 -2032480000.0 303.684 20.2767
4987.0 1.0 0.0 87017000.0 542.0 51195.87587274 48362.63662663 45767.98756053 -302.82 216.94 -312.0 7.28 3.49 4.92206 0.33213 0.27347 7.66 10.448785 9.27 0.069888 0.036154 0.9413 0.1923 -0.2774 0.643374 0.615539 0.552163 -0.393481 0.735043 0.630666 0.773766 -0.059545 0.545322 -0.496445 -0.675401 194.02 13.0 1.0 3742350000.0 -4340930000.0 -2117820000.0 153.351 5.24767
5010.0 1.0 0.0 85893100.0 535.0 51077.9623497 48417.79424472 45729.75707657 -279.19 536.51 -311.25 6.36 4.47 3.71584 0.08874 0.10666 7.83 10.781875 8.43 0.02608 0.018345 -0.1171 -0.9361 -0.3317 0.865843 0.814066 0.483414 0.769274 -0.417765 0.864891 -0.346023 0.363636 -0.135179 0.537108 0.832611 287.82 13.0 1.0 3052900000.0 -4288090000.0 -1487200000.0 178.937 3.77998
5148.0 1.0 0.0 79792300.0 497.0 51249.14067255 48497.47003411 45745.28602387 -435.96 309.29 -237.4 7.07 2.66 2.94743 0.20507 0.56201 9.5 10.076193 8.65 0.019931 0.022902 0.8628 -0.4071 -0.2998 0.904216 0.8273 0.890791 0.449767 0.064817 -0.287774 0.447968 0.84647 -0.351678 0.77268 -0.528477 194.36 13.0 1.0 2985520000.0 -5543100000.0 -331949000.0 220.345 16.5295
5153.0 -1.0 0.0 79471200.0 495.0 51228.99717706 48563.73351067 45585.39385086 -266.88 355.99 -312.6 7.0 6.79 2.49117 0.17764 0.13961 7.01 10.636929 7.03 0.021758 0.020317 0.8866 0.2956 -0.3557 0.746592 0.620218 0.622894 0.424907 -0.656855 -0.731386 0.614276 -0.296208 0.277629 0.664921 0.693399 199.03 13.0 1.0 1963840000.0 -3654780000.0 -1650050000.0 155.753 2.65105
5535.0 -1.0 0.0 64861400.0 404.0 51289.78202023 48425.595109 45592.70804076 -295.27 268.12 -209.4 6.53 1.97 1.60671 0.31952 0.09768 8.24 9.339622 7.7 0.020253 0.020842 0.2179 0.5465 0.8086 0.95515 0.877788 -0.512813 0.854497 -0.082816 -0.595824 -0.284797 0.750923 0.618075 0.434426 0.655177 199.95 12.0 1.0 1924920000.0 -3391040000.0 -482789000.0 170.188 12.1988
5541.0 1.0 0.0 64700800.0 403.0 51099.14608405 48423.09848943 45617.44479226 -306.83 368.62 -123.01 6.56 2.19 2.9348 0.22944 0.25025 8.56 9.298159 7.88 0.019464 0.021733 -0.4936 0.6341 0.5952 0.880492 0.825031 0.459704 0.140586 0.876874 0.886622 -0.129064 -0.444122 0.050735 0.98162 -0.183978 197.11 12.0 1.0 2008180000.0 -3718860000.0 -355097000.0 186.487 14.3657
5798.0 -1.0 0.0 55389000.0 345.0 51104.43440767 48592.84311533 45618.15273303 -373.13 357.14 -133.8 6.2 2.18 4.15646 0.11906 0.37094 6.78 9.22146 7.0 0.011963 0.010663 0.08003 -0.1451 0.9862 0.865542 0.857426 -0.103172 0.712717 -0.693823 0.994498 0.086642 -0.058881 -0.018149 0.69608 0.717735 199.98 12.0 1.0 1356620000.0 -2202100000.0 -648465000.0 147.918 6.09679
6170.0 -1.0 0.0 44471800.0 277.0 51181.45920101 48463.31464617 45550.13766414 -415.03 298.75 -60.92 5.78 5.75 2.48541 0.67 0.24227 5.76 8.32247 6.27 0.015193 0.007917 -0.6093 0.07473 -0.7894 0.981464 0.831329 -0.118107 -0.356904 0.926644 -0.707794 0.684773 0.173532 0.696476 0.635378 0.333492 198.42 11.0 1.0 873944000.0 -1073850000.0 -769019000.0 68.157 2.4369
6260.0 1.0 0.0 41742500.0 260.0 51210.87035472 48460.81298274 45737.95038777 -154.56 295.36 -164.83 4.67 3.02 2.38321 0.27654 0.20922 7.05 8.812526 10.69 0.02333 0.024272 0.788 0.1856 -0.587 0.824525 0.783162 0.186909 0.898213 0.397842 0.869293 -0.339865 0.358918 0.457597 0.278756 -0.844334 351.65 11.0 1.0 2384880000.0 -1517170000.0 -375792000.0 107.032 7.56448
6290.0 -1.0 0.0 41100300.0 256.0 51000.44452708 48573.30677619 45707.70533267 -407.97 403.58 -241.88 5.63 5.42 5.20168 0.66231 0.36768 5.64 8.248046 5.24 0.043334 0.036003 0.7167 0.2828 0.6374 0.908183 0.819677 -0.423732 0.817658 -0.389727 -0.569404 0.094166 0.816647 0.704436 0.567951 0.425677 198.04 11.0 1.0 563259000.0 -1008580000.0 -442260000.0 65.7391 2.90176
6416.0 1.0 0.0 38210400.0 238.0 51229.8033695 48444.03017049 45820.79597796 -524.33 347.17 -270.63 5.51 4.36 4.27518 0.18009 0.18181 5.54 8.16907 6.39 0.026693 0.015733 -0.08749 -0.9955 0.03579 0.880912 0.722735 0.909044 0.007841 0.416626 -0.381143 0.419776 0.823722 0.168431 0.907594 -0.384583 196.92 11.0 1.0 779256000.0 -977354000.0 -408118000.0 82.1619 3.23231
6487.0 -1.0 0.0 36765500.0 229.0 51287.86453834 48502.32243538 45699.71997004 -233.61 221.0 -111.93 5.46 4.05 4.80788 0.68152 0.547 5.4 8.053074 6.42 0.030731 0.014174 -0.9216 0.06242 -0.383 0.88836 0.803603 0.609435 0.710669 -0.351481 -0.763899 0.40766 -0.50027 -0.212242 0.573378 0.791322 194.37 11.0 1.0 758259000.0 -871525000.0 -626538000.0 65.2258 2.67045
6589.0 1.0 0.0 34357300.0 214.0 51169.60239033 48454.84336139 45750.17033358 -327.13 190.67 3.96 4.25 1.36 0.67704 0.19922 0.12918 8.76 8.412955 11.49 0.035937 0.025047 -0.2489 -0.5068 -0.8254 0.773994 0.722394 0.758735 0.301018 -0.577676 -0.367453 0.93004 0.002006 0.537866 0.210747 0.816264 383.91 10.0 1.0 2266680000.0 -1976820000.0 -45483200.0 171.755 22.4883
6607.0 -1.0 0.0 33875600.0 211.0 51184.22916272 48366.38235806 45863.42259141 -383.87 369.03 -309.9 5.3 2.45 3.74621 0.35614 0.3454 6.03 7.531044 5.59 0.030333 0.029841 -0.9685 0.1551 0.1947 0.955412 0.82307 0.833312 -0.497616 0.240768 -0.159245 0.200992 0.966563 0.52937 0.843789 -0.088246 195.24 10.0 1.0 528376000.0 -978606000.0 -101051000.0 88.667 8.02411
6770.0 1.0 0.0 30504100.0 190.0 51229.00751921 48492.68074219 45814.24272977 -355.96 321.68 -75.72 5.14 3.77 3.48311 0.41521 0.32909 5.12 7.503965 6.62 0.031059 0.007081 0.6485 -0.6052 -0.4617 0.848698 0.752199 0.937157 0.347255 -0.033924 -0.34583 0.937375 0.041597 0.046244 -0.027251 0.998558 192.88 10.0 1.0 667683000.0 -647462000.0 -448892000.0 62.6838 3.18007
6916.0 1.0 0.0 26972100.0 168.0 51193.75546682 48490.52713489 45670.41071604 -283.35 336.59 -264.28 4.88 3.86 3.67308 0.20677 0.30275 5.04 7.402968 7.23 0.05774 0.033706 -0.742 0.4617 0.4861 0.969026 0.862137 0.946324 -0.062912 0.317038 0.181735 0.914707 -0.360947 -0.26729 0.39919 0.877043 199.68 10.0 1.0 704587000.0 -595338000.0 -432261000.0 69.8509 4.03218
7026.0 1.0 0.0 24724400.0 154.0 51137.56727735 48554.27058465 45662.3343973 -332.95 304.05 -166.06 4.74 3.74 0.65287 0.3138 0.25371 4.86 7.533616 5.34 0.033569 0.028389 -0.4008 -0.5048 -0.7645 0.841398 0.80525 -0.421208 0.771618 -0.476645 0.527357 0.635932 0.563458 0.737888 -0.014029 -0.674777 199.32 10.0 1.0 352331000.0 -550551000.0 -236108000.0 69.3871 3.75014
7044.0 1.0 0.0 24403300.0 152.0 51052.57013165 48560.28684347 45728.93688301 -374.71 410.32 -159.06 4.77 4.39 3.79358 0.5565 0.45342 4.76 6.777768 6.58 0.052431 0.036154 0.4549 0.8602 -0.2306 0.850682 0.685747 0.580072 -0.509901 0.63523 0.813883 0.394716 -0.426372 -0.033328 0.76433 0.643964 193.42 10.0 1.0 529029000.0 -401375000.0 -488643000.0 47.1405 3.28081
7091.0 1.0 0.0 23600500.0 147.0 51080.235955 48529.73242085 45816.02316398 -268.62 215.25 -254.32 4.68 4.63 1.54066 0.43923 0.23635 4.66 7.198695 4.65 0.027992 0.025632 -0.1524 0.4412 0.8844 0.895538 0.711497 -0.458917 0.547225 0.699957 -0.076768 0.760446 -0.644847 0.885156 0.349666 0.306972 197.79 9.0 1.0 254604000.0 -469092000.0 -178267000.0 57.1154 2.52943
7109.0 1.0 0.0 23440000.0 146.0 51058.91604813 48460.45309994 45739.44871928 -481.51 363.78 -162.48 4.25 2.34 2.43407 0.42256 0.10189 5.67 6.887622 8.3 0.048987 0.047287 -0.4263 0.4722 -0.7716 0.887577 0.610785 0.362271 -0.213756 0.907231 0.566211 0.823637 -0.032037 0.740381 -0.52529 -0.419411 262.65 9.0 1.0 807599000.0 -548568000.0 -95745800.0 63.5661 8.49792
7220.0 1.0 0.0 21352900.0 133.0 51117.1940495 48410.53357896 45697.84362527 -344.84 199.43 -282.89 10.87 2.58 0.92785 0.38233 0.34607 5.28 4.153771 8.7 0.007168 0.013346 -0.6825 0.5688 -0.459 0.688079 0.643466 -0.431598 0.649234 -0.626273 -0.649604 0.258015 0.715152 0.625889 0.715488 0.310386 14.29 9.0 1.0 808801000.0 -496182000.0 -0.0 61.8392 42.7472
7487.0 1.0 0.0 17018100.0 106.0 51209.31454869 48406.92420338 45719.48806907 -490.92 397.06 -162.49 4.21 1.78 1.48863 0.52492 0.23927 4.66 6.370886 4.72 0.044182 0.040998 0.9132 -0.3369 -0.2292 0.854043 0.655379 0.990119 -0.137118 -0.029365 0.13467 0.871438 0.471656 -0.039083 -0.47095 0.881293 195.71 9.0 1.0 189901000.0 -317172000.0 -99107100.0 52.0104 6.92055
7492.0 1.0 0.0 16857500.0 105.0 51182.79678206 48568.14367156 45646.838267 -290.15 183.03 -193.65 4.17 2.27 1.21314 0.35177 0.29688 4.41 5.976104 3.92 0.04031 0.038549 -0.915 0.1242 -0.3838 0.852134 0.766234 0.432049 0.788998 0.436825 -0.038102 -0.467963 0.882926 0.901045 -0.398111 -0.17212 199.42 9.0 1.0 129538000.0 -263429000.0 -35482600.0 49.4338 4.86862
7511.0 -1.0 0.0 16375900.0 102.0 51143.70050467 48624.79308838 45713.14255901 -300.24 389.12 -187.33 4.13 4.07 2.93268 0.73822 0.25682 4.14 6.557467 5.91 0.114373 0.07866 0.2831 0.009116 -0.9591 0.691356 0.55267 -0.246393 0.962672 -0.112044 0.969074 0.246344 -0.014495 -0.013648 0.11215 0.993598 199.48 8.0 1.0 286141000.0 -220150000.0 -288216000.0 33.6768 2.58017
7660.0 1.0 0.0 14128200.0 88.0 51088.73614898 48549.74204149 45802.83944423 -431.21 389.09 -248.33 4.02 3.86 3.31285 0.42261 0.31868 3.92 5.947229 5.07 0.052603 0.003125 -0.7889 0.3274 -0.5201 0.684879 0.535834 -0.185949 0.344835 0.920061 0.666937 0.731932 -0.139534 0.721538 -0.587676 0.366086 186.83 8.0 1.0 181801000.0 -181424000.0 -190216000.0 37.0171 2.99204
7748.0 1.0 0.0 12843800.0 80.0 51182.21337145 48513.86198492 45665.91008143 -268.17 317.31 -183.45 3.91 2.76 1.64961 0.49039 0.20492 4.0 5.454476 5.62 0.074542 0.049014 0.5141 -0.8247 -0.2358 0.582523 0.519572 0.108824 -0.584763 0.803871 0.767001 0.563814 0.306305 -0.63235 0.583237 0.509871 184.54 8.0 1.0 202639000.0 -163434000.0 -60924800.0 35.5777 5.10739
7783.0 1.0 0.0 12522700.0 78.0 51158.4991362 48440.16083857 45725.57247267 -406.55 114.36 -7.38 9.37 2.09 0.88307 0.07005 0.59275 4.64 3.390523 7.74 0.126217 0.248015 -0.9387 0.1774 -0.2955 0.339479 0.25506 -0.49152 -0.331798 0.805182 -0.552286 0.83363 0.00638 0.673341 0.441555 0.592994 13.09 8.0 1.0 375169000.0 -236209000.0 -0.0 81.3449 51.6995
7814.0 1.0 0.0 12041100.0 75.0 51191.69234255 48564.34076294 45819.35420348 -371.57 430.2 -90.56 3.73 3.58 2.49359 0.19142 0.78169 3.73 6.230882 6.02 0.078727 0.075384 0.4109 0.09351 -0.9069 0.889568 0.855178 0.364588 0.739796 0.565488 -0.811379 -0.045572 0.582741 0.45688 -0.671286 0.58364 199.6 8.0 1.0 218360000.0 -141720000.0 -257579000.0 36.808 2.38617
8023.0 -1.0 0.0 8830140.0 55.0 51061.10038946 48513.20782583 45868.6371823 -305.67 356.31 -128.72 3.41 3.33 3.14286 0.44969 0.30452 3.35 5.606125 3.92 0.096377 0.065499 -0.09202 -0.792 -0.6035 0.731968 0.521766 -0.573553 0.278616 0.770331 0.807235 0.352166 0.473658 -0.139316 0.893506 -0.426894 190.74 7.0 1.0 67722100.0 -90399300.0 -51788300.0 27.8541 2.70328
8271.0 1.0 0.0 6100820.0 38.0 51105.52104152 48329.12434121 45709.21870316 -382.57 255.39 -201.8 3.05 2.58 2.12528 0.52895 0.34729 2.97 4.773903 3.79 0.115108 0.04674 0.05246 -0.8789 -0.4742 0.612175 0.592341 0.009749 0.970039 -0.242754 0.916571 -0.10572 -0.385644 0.399753 0.218742 0.89014 184.97 6.0 1.0 43911300.0 -48238200.0 -29121700.0 21.2823 3.21589
8456.0 -1.0 0.0 4655890.0 29.0 51250.45031074 48495.50330733 45845.48983987 -296.07 303.5 -161.63 2.81 2.68 2.36793 0.64522 0.39911 2.69 5.34055 3.71 0.069137 0.042793 0.04149 0.1128 0.9928 0.940857 0.82044 0.015265 0.990367 0.137623 0.798807 -0.094864 0.594061 -0.601394 -0.100865 0.79256 180.38 5.0 1.0 31985200.0 -38339200.0 -30893000.0 19.896 2.85923
8495.0 1.0 0.0 4334790.0 27.0 51066.97890583 48579.66709857 45722.41394312 -369.11 433.03 -194.79 2.54 2.53 1.33901 0.73599 0.47544 2.66 4.063199 3.76 0.106294 0.075099 0.5833 0.7096 -0.3953 0.810388 0.793101 -0.659113 0.678342 -0.324688 -0.206548 0.251854 0.945467 0.723124 0.690233 -0.02589 227.27 5.0 1.0 30683200.0 -22745500.0 -23345800.0 13.9212 -1.0
8526.0 1.0 0.0 4174250.0 26.0 51268.85716601 48476.12408557 45766.3839504 -159.77 301.29 -241.84 2.64 2.47 2.46783 0.56018 0.27664 2.64 4.976819 4.49 0.188349 0.17624 0.605 -0.1713 -0.7776 0.813079 0.684138 0.190903 0.981079 -0.032256 0.970408 -0.193573 -0.144353 0.147866 0.003744 0.989 194.79 5.0 1.0 42112600.0 -29693700.0 -60791100.0 17.9503 3.25469
