#ID(1) hostHalo(2) numSubStruct(3) Mvir(4) npart(5) Xc(6) Yc(7) Zc(8) VXc(9) VYc(10) VZc(11) Rvir(12) Rmax(13) r2(14) mbp_offset(15) com_offset(16) Vmax(17) v_esc(18) sigV(19) lambda(20) lambdaE(21) Lx(22) Ly(23) Lz(24) b(25) c(26) Eax(27) Eay(28) Eaz(29) Ebx(30) Eby(31) Ebz(32) Ecx(33) Ecy(34) Ecz(35) ovdens(36) nbins(37) fMhires(38) Ekin(39) Epot(40) SurfP(41) Phi0(42) cNFW(43)
2.0 -1.0 6.0 512141000000.0 3189954.0 48595.65585355 51760.99455299 48103.68263662 -473.35 398.61 -210.68 130.11 57.38 13.55296 0.09173 1.08131 142.09 186.446946 241.73 0.005453 0.006279 -0.8295 0.449 -0.3322 0.916378 0.754995 0.721731 0.636005 -0.273135 -0.110674 0.495564 0.861492 0.683269 -0.591536 0.428053 200.0 36.0 1.0 1.49635e+16 -9215800000000000.0 -3378610000000000.0 71411.8 6.03635
339.0 2.0 0.0 2227440000.0 13874.0 48693.34163204 51841.14748432 48088.79189914 -292.72 421.54 -463.53 21.24 8.46 1.78272 0.05917 0.23956 24.58 30.983627 32.0 0.051064 0.021404 -0.4177 0.7117 -0.5649 0.747627 0.665231 0.030247 0.563861 0.825316 0.589308 0.656863 -0.47037 0.807342 -0.500592 0.31242 199.99 22.0 1.0 1140320000000.0 -1228580000000.0 -354340000000.0 2207.36 8.29123
543.0 -1.0 0.0 1064430000.0 6630.0 48580.73735759 51683.31214329 48284.9869578 -582.89 466.39 -450.73 16.6 5.86 12.93343 0.21853 0.24846 18.63 23.582988 18.55 0.007472 0.007219 0.9756 0.1937 0.1029 0.92298 0.727484 0.311194 -0.398495 0.862763 0.945181 0.224305 -0.237319 -0.098952 0.889319 0.446452 199.97 20.0 1.0 183156000000.0 -320105000000.0 -47006800000.0 1133.12 7.06456
881.0 2.0 0.0 397998000.0 2479.0 48606.80561378 51734.97392076 48064.2695418 -242.33 542.69 -507.39 12.01 3.2 3.03138 0.08477 0.13554 17.01 17.041873 23.66 0.080589 0.064391 0.8584 -0.29 0.4231 0.533712 0.410739 0.540975 0.766374 -0.346435 -0.391065 0.593886 0.703113 0.74459 -0.244888 0.620979 197.54 17.0 1.0 111423000000.0 -93319400000.0 -5754220000.0 794.602 19.4
933.0 -1.0 0.0 350476000.0 2183.0 48693.65095152 51724.63636669 47972.14789533 -497.29 351.5 -217.46 11.49 2.13 10.47484 0.1331 0.13619 18.62 16.37859 16.52 0.014529 0.020209 0.69 -0.2822 0.6665 0.6917 0.64859 -0.59748 0.226135 0.769338 0.580539 0.783817 0.220465 0.553166 -0.578354 0.599595 198.78 17.0 1.0 47801900000.0 -92283000000.0 -6395800000.0 939.526 30.2953
1328.0 -1.0 0.0 175800000.0 1095.0 48593.36669798 51839.11529588 47935.87306767 -528.45 503.82 -302.62 9.11 5.84 2.89504 0.22223 0.22133 9.64 13.096946 12.2 0.017067 0.008021 0.7895 0.6137 0.008709 0.734064 0.687466 0.098022 -0.350308 0.931491 0.598353 0.768667 0.226109 0.795214 -0.535197 -0.284954 199.94 15.0 1.0 13079700000.0 -14690800000.0 -6584180000.0 288.632 4.90071
1848.0 -1.0 0.0 68554000.0 427.0 48538.59051089 51876.61297357 48198.2793191 -515.73 503.92 21.71 6.68 5.6 3.33244 0.39885 0.3653 6.8 9.794819 10.78 0.106552 0.104362 0.8461 0.524 -0.09754 0.947243 0.66668 0.94051 0.153334 0.303198 0.073036 0.780275 -0.621158 -0.331822 0.60635 0.722658 197.86 12.0 1.0 3983120000.0 -2531720000.0 -2210340000.0 103.748 3.62105
1858.0 -1.0 0.0 67269600.0 419.0 48527.14158094 51891.16766801 48072.77795354 -489.94 541.71 -337.75 6.67 4.34 2.51432 0.37421 0.10027 7.16 9.499931 10.37 0.089892 0.071018 -0.3692 -0.7299 -0.5754 0.852908 0.677719 0.78439 -0.403582 -0.471013 0.619564 0.545954 0.563981 0.029539 -0.734204 0.678286 194.71 12.0 1.0 3616250000.0 -2706100000.0 -1038970000.0 114.557 5.85802
1863.0 -1.0 1.0 67109000.0 418.0 48767.77277273 51708.93409673 48172.0675791 -380.87 334.5 -141.94 6.63 6.59 6.59335 0.55627 0.66301 6.61 9.799102 8.99 0.036501 0.020689 -0.288 -0.9352 0.2061 0.720818 0.670877 0.79167 -0.470891 0.389257 -0.4232 0.036855 0.905287 0.440637 0.881421 0.170104 198.19 12.0 1.0 2710400000.0 -2241050000.0 -3080570000.0 93.5179 2.50555
1877.0 -1.0 0.0 65664100.0 409.0 48540.15751973 51894.34479947 48109.65074189 -537.86 599.09 -321.24 6.57 4.06 1.51123 0.09563 0.18645 7.19 9.343137 10.4 0.097721 0.078314 -0.8898 -0.3337 -0.3113 0.893138 0.606719 -0.492248 0.201004 0.846929 0.800923 0.485642 0.35025 -0.340903 0.850735 -0.400045 198.77 12.0 1.0 3552930000.0 -2647170000.0 -876074000.0 133.608 6.22364
1917.0 2.0 0.0 60847700.0 379.0 48566.02196354 51817.55255114 48104.29759932 -566.31 644.83 96.24 6.4 3.33 1.15397 0.281 0.13646 7.34 9.913172 12.05 0.085839 0.096125 0.8395 0.5431 -0.01712 0.5861 0.425724 -0.116933 0.358767 0.926074 -0.244348 0.893414 -0.376968 0.962611 0.270364 0.016805 199.5 12.0 1.0 4416430000.0 -2856860000.0 -977302000.0 143.127 7.97263
1932.0 -1.0 0.0 59563300.0 371.0 48502.25499784 51694.41519362 48028.74850504 -613.49 275.48 -143.39 6.35 1.66 0.76716 0.19779 0.16334 7.67 9.079775 8.69 0.039847 0.030199 -0.7021 0.5514 0.4505 0.704081 0.631678 0.601361 0.199784 0.773596 -0.678133 0.639621 0.361968 0.422493 0.742274 -0.520124 199.86 12.0 1.0 2246490000.0 -2936290000.0 -660498000.0 170.926 10.1156
2322.0 2.0 0.0 27132600.0 169.0 48548.19785717 51814.84848954 48139.23475354 -433.16 400.44 160.93 4.92 2.73 1.20545 0.45802 0.28106 5.23 7.245347 8.69 0.064901 0.072994 0.3374 0.5762 0.7444 0.765391 0.651599 0.329847 -0.531296 0.780337 -0.224493 0.758741 0.611486 0.916954 0.376877 -0.130996 195.56 10.0 1.0 1024300000.0 -617583000.0 -326876000.0 66.1979 5.42898
2339.0 1863.0 0.0 25206000.0 157.0 48761.61051147 51712.69634191 48168.04028609 -392.04 340.95 -148.25 4.12 4.09 3.98854 0.36476 0.5503 5.13 7.349449 6.94 0.067213 0.044489 0.4229 0.7713 0.4756 0.829769 0.677155 0.491417 -0.661622 0.566362 0.865253 0.444979 -0.230934 -0.099228 0.603532 0.791141 309.19 10.0 1.0 606504000.0 -461348000.0 -625741000.0 53.9281 2.48988
2557.0 2.0 0.0 12683300.0 79.0 48660.98905286 51821.48628201 48053.58225572 -400.45 497.15 -177.09 4.13 2.51 0.96394 0.36114 0.25205 4.29 5.299638 6.22 0.056582 0.05133 0.5302 -0.1853 -0.8274 0.904449 0.704827 0.763265 -0.585081 -0.274056 0.124769 -0.282715 0.951055 0.633924 0.7601 0.142787 155.12 8.0 1.0 245048000.0 -176081000.0 -19936700.0 40.0901 9.1523
2722.0 -1.0 0.0 6903560.0 43.0 48519.18648119 51860.27633107 48047.63955914 -579.39 544.75 -406.99 3.21 2.56 2.39423 0.3959 0.55645 3.16 4.504682 4.71 0.077962 0.07087 -0.3714 0.3516 0.8593 0.777379 0.536288 -0.107286 0.137246 0.98471 0.794748 -0.583259 0.167882 0.597382 0.800607 -0.0465 179.4 6.0 1.0 76681600.0 -50306600.0 -29196900.0 20.9159 4.19186
2913.0 2.0 0.0 3532050.0 22.0 48543.54675 51790.40546601 48215.95962231 -562.22 404.67 72.01 1.95 1.43 0.93016 0.46861 0.12951 3.11 4.127364 4.16 0.17458 0.112331 -0.9364 -0.2797 -0.2118 0.804657 0.503945 0.928582 -0.370159 -0.026782 0.258158 0.592399 0.763163 0.266626 0.715574 -0.64565 409.26 4.0 1.0 30520400.0 -24826900.0 -4479310.0 18.542 6.80489
